5.123474635183811188e-03
5.121644586324691772e-03
5.119817331433296204e-03
5.118062254041433334e-03
5.116436164826154709e-03
5.114946514368057251e-03
5.113570019602775574e-03
5.112278275191783905e-03
5.111041478812694550e-03
5.109832622110843658e-03
5.108633078634738922e-03
5.107443314045667648e-03
5.106275901198387146e-03
5.105149932205677032e-03
5.104076117277145386e-03
5.103053525090217590e-03
5.102069582790136337e-03
5.101106595247983932e-03
5.100145004689693451e-03
5.099167115986347198e-03
5.098164547234773636e-03
5.097134970128536224e-03
5.096087232232093811e-03
5.095032975077629089e-03
5.093984305858612061e-03
5.092948675155639648e-03
5.091920029371976852e-03
5.090884864330291748e-03
5.089823156595230103e-03
5.088716279715299606e-03
5.087561905384063721e-03
5.086372140794992447e-03
5.085172131657600403e-03
5.083990283310413361e-03
5.082847084850072861e-03
5.081755574792623520e-03
5.080716684460639954e-03
5.079724825918674469e-03
5.078777670860290527e-03
5.077875684946775436e-03
5.077016539871692657e-03
5.076185800135135651e-03
5.075362976640462875e-03
5.074527114629745483e-03
5.073668435215950012e-03
5.072786007076501846e-03
5.071887746453285217e-03
5.070986226201057434e-03
5.070089362561702728e-03
5.069197155535221100e-03
5.068298429250717163e-03
5.067374091595411301e-03
5.066403653472661972e-03
5.065369419753551483e-03
5.064265802502632141e-03
5.063093267381191254e-03
5.061866715550422668e-03
5.060603376477956772e-03
5.059324204921722412e-03
5.058051552623510361e-03
5.056804046034812927e-03
5.055597051978111267e-03
5.054436624050140381e-03
5.053318571299314499e-03
5.052231717854738235e-03
5.051159765571355820e-03
5.050084087997674942e-03
5.048988386988639832e-03
5.047856830060482025e-03
5.046682432293891907e-03
5.045461934059858322e-03
5.044206976890563965e-03
5.042935255914926529e-03
5.041671451181173325e-03
5.040436051785945892e-03
5.039241164922714233e-03
5.038089118897914886e-03
5.036972463130950928e-03
5.035880021750926971e-03
5.034801084548234940e-03
5.033726338297128677e-03
5.032651592046022415e-03
5.031580571085214615e-03
5.030517466366291046e-03
5.029467865824699402e-03
5.028435960412025452e-03
5.027416627854108810e-03
5.026406608521938324e-03
5.025402642786502838e-03
5.024403799325227737e-03
5.023415200412273407e-03
5.022441968321800232e-03
5.021489225327968597e-03
5.020560231059789658e-03
5.019653122872114182e-03
5.018765106797218323e-03
5.017886869609355927e-03
5.017013289034366608e-03
5.016142502427101135e-03
5.015275906771421432e-03
5.014417693018913269e-03
5.013570655137300491e-03
5.012735724449157715e-03
5.011911038309335709e-03
5.011094734072685242e-03
5.010284483432769775e-03
5.009479355067014694e-03
5.008680745959281921e-03
5.007891450077295303e-03
5.007112398743629456e-03
5.006337538361549377e-03
5.005552433431148529e-03
5.004744976758956909e-03
5.003912374377250671e-03
5.003062076866626740e-03
5.002211313694715500e-03
5.001369863748550415e-03
5.000542849302291870e-03
4.999725148081779480e-03
4.998909309506416321e-03
4.998088814318180084e-03
4.997263662517070770e-03
4.996445029973983765e-03
4.995649680495262146e-03
4.994888324290513992e-03
4.994163755327463150e-03
4.993473179638385773e-03
4.992805421352386475e-03
4.992142785340547562e-03
4.991468042135238647e-03
4.990769550204277039e-03
4.990044049918651581e-03
4.989298060536384583e-03
4.988539963960647583e-03
4.987783730030059814e-03
4.987039137631654739e-03
4.986309912055730820e-03
4.985593259334564209e-03
4.984882660210132599e-03
4.984170198440551758e-03
4.983449820429086685e-03
4.982718732208013535e-03
4.981982056051492691e-03
4.981248639523983002e-03
4.980525933206081390e-03
4.979817196726799011e-03
4.979116376489400864e-03
4.978414624929428101e-03
4.977703094482421875e-03
4.976980853825807571e-03
4.976253490895032883e-03
4.975532647222280502e-03
4.974828101694583893e-03
4.974141716957092285e-03
4.973468370735645294e-03
4.972800146788358688e-03
4.972133785486221313e-03
4.971466958522796631e-03
4.970801062881946564e-03
4.970141686499118805e-03
4.969488829374313354e-03
4.968839697539806366e-03
4.968188703060150146e-03
4.967529792338609695e-03
4.966860637068748474e-03
4.966184962540864944e-03
4.965510219335556030e-03
4.964848980307579041e-03
4.964208230376243591e-03
4.963591694831848145e-03
4.962995648384094238e-03
4.962414503097534180e-03
4.961844068020582199e-03
4.961282014846801758e-03
4.960728809237480164e-03
4.960181191563606262e-03
4.959634970873594284e-03
4.959082230925559998e-03
4.958515986800193787e-03
4.957929253578186035e-03
4.957322031259536743e-03
4.956703633069992065e-03
4.956082440912723541e-03
4.955469630658626556e-03
4.954870790243148804e-03
4.954285919666290283e-03
4.953710362315177917e-03
4.953137598931789398e-03
4.952566698193550110e-03
4.951995797455310822e-03
4.951429553329944611e-03
4.950867965817451477e-03
4.950311034917831421e-03
4.949755966663360596e-03
4.949199501425027847e-03
4.948638845235109329e-03
4.948074463754892349e-03
4.947510082274675369e-03
4.946948029100894928e-03
4.946387372910976410e-03
4.945827648043632507e-03
4.945267457515001297e-03
4.944704007357358932e-03
4.944137297570705414e-03
4.943566396832466125e-03
4.942991305142641068e-03
4.942412488162517548e-03
4.941829945892095566e-03
4.941243678331375122e-03
4.940653219819068909e-03
4.940059036016464233e-03
4.939459729939699173e-03
4.938855301588773727e-03
4.938244353979825974e-03
4.937625490128993988e-03
4.937001504004001617e-03
4.936373792588710785e-03
4.935749340802431107e-03
4.935133270919322968e-03
4.934529773890972137e-03
4.933941178023815155e-03
4.933366551995277405e-03
4.932802170515060425e-03
4.932243376970291138e-03
4.931682255119085312e-03
4.931114148348569870e-03
4.930531606078147888e-03
4.929935559630393982e-03
4.929331131279468536e-03
4.928734153509140015e-03
4.928163252770900726e-03
4.927628673613071442e-03
4.927133210003376007e-03
4.926673136651515961e-03
4.926239605993032455e-03
4.925830289721488953e-03
4.925443790853023529e-03
4.925084300339221954e-03
4.924755077809095383e-03
4.924460779875516891e-03
4.924202337861061096e-03
4.923974163830280304e-03
4.923769738525152206e-03
4.923574626445770264e-03
4.923378117382526398e-03
4.923170432448387146e-03
4.922948777675628662e-03
4.922716878354549408e-03
4.922478459775447845e-03
4.922242835164070129e-03
4.922016989439725876e-03
4.921809770166873932e-03
4.921628627926111221e-03
4.921483341604471207e-03
4.921383690088987350e-03
4.921338986605405807e-03
4.921356216073036194e-03
4.921439569443464279e-03
4.921576939523220062e-03
4.921748302876949310e-03
4.921928979456424713e-03
4.922103602439165115e-03
4.922281950712203979e-03
4.922496154904365540e-03
4.922776482999324799e-03
4.923048429191112518e-03
4.923101048916578293e-03
4.922932479530572891e-03
4.922712687402963638e-03
4.922547377645969391e-03
4.922562278807163239e-03
4.922699183225631714e-03
4.922962281852960587e-03
4.923219792544841766e-03
4.923634231090545654e-03
4.924027249217033386e-03
4.924600012600421906e-03
4.924715496599674225e-03
4.925144836306571960e-03
4.924904555082321167e-03
4.925577901303768158e-03
4.925293847918510437e-03
4.926220979541540146e-03
4.926067776978015900e-03
4.927052184939384460e-03
4.927413072437047958e-03
4.928051028400659561e-03
4.928688518702983856e-03
4.928797483444213867e-03
4.929696209728717804e-03
4.929951392114162445e-03
4.930932074785232544e-03
4.931416362524032593e-03
4.931959323585033417e-03
4.932679701596498489e-03
4.933048970997333527e-03
4.934052005410194397e-03
4.934546537697315216e-03
4.935519769787788391e-03
4.936255514621734619e-03
4.937015473842620850e-03
4.937896970659494400e-03
4.938371945172548294e-03
4.939231090247631073e-03
4.939712584018707275e-03
4.940624814480543137e-03
4.941382445394992828e-03
4.942242987453937531e-03
4.943181294947862625e-03
4.943933803588151932e-03
4.944988060742616653e-03
4.945768974721431732e-03
4.946895875036716461e-03
4.947802517563104630e-03
4.948918707668781281e-03
4.949958063662052155e-03
4.950995557010173798e-03
4.952121526002883911e-03
4.953105933964252472e-03
4.954311531037092209e-03
4.955312702804803848e-03
4.956568125635385513e-03
4.957626573741436005e-03
4.958893172442913055e-03
4.960017278790473938e-03
4.961251281201839447e-03
4.962424747645854950e-03
4.963637329638004303e-03
4.964902997016906738e-03
4.966144915670156479e-03
4.967497661709785461e-03
4.968753084540367126e-03
4.970171023160219193e-03
4.971470218151807785e-03
4.972984082996845245e-03
4.974338691681623459e-03
4.975916352123022079e-03
4.977280739694833755e-03
4.978894256055355072e-03
4.980249330401420593e-03
4.981911741197109222e-03
4.983260296285152435e-03
4.985008388757705688e-03
4.986357875168323517e-03
4.988231696188449860e-03
4.989566281437873840e-03
4.991583060473203659e-03
4.992858041077852249e-03
4.995010793209075928e-03
4.996204748749732971e-03
4.998467862606048584e-03
4.999632015824317932e-03
5.001901648938655853e-03
5.003159865736961365e-03
5.005273036658763885e-03
5.006788298487663269e-03
5.008649080991744995e-03
5.010487511754035950e-03
5.012114997953176498e-03
5.014204420149326324e-03
5.015716888010501862e-03
5.017915740609169006e-03
5.019467324018478394e-03
5.021616816520690918e-03
5.023329053074121475e-03
5.025320686399936676e-03
5.027238279581069946e-03
5.029068328440189362e-03
5.031158216297626495e-03
5.032895598560571671e-03
5.035070702433586121e-03
5.036810878664255142e-03
5.038977600634098053e-03
5.040802061557769775e-03
5.042899399995803833e-03
5.044852849096059799e-03
5.046864040195941925e-03
5.048944149166345596e-03
5.050889216363430023e-03
5.053059663623571396e-03
5.054978653788566589e-03
5.057203583419322968e-03
5.059150513261556625e-03
5.061411298811435699e-03
5.063439719378948212e-03
5.065733101218938828e-03
5.067876074463129044e-03
5.070196464657783508e-03
5.072442349046468735e-03
5.074750632047653198e-03
5.077037028968334198e-03
5.079289898276329041e-03
5.081587936729192734e-03
5.083803087472915649e-03
5.086136981844902039e-03
5.088347010314464569e-03
5.090731661766767502e-03
5.092949606478214264e-03
5.095408763736486435e-03
5.097667686641216278e-03
5.100264679640531540e-03
5.102621391415596008e-03
5.105449818074703217e-03
5.108000710606575012e-03
5.111255683004856110e-03
5.114083178341388702e-03
5.117426626384258270e-03
5.119651556015014648e-03
5.122546106576919556e-03
5.124376621097326279e-03
5.127405747771263123e-03
5.129258148372173309e-03
5.132441874593496323e-03
5.134450271725654602e-03
5.137694999575614929e-03
5.140317138284444809e-03
5.143648013472557068e-03
5.146729294210672379e-03
5.149389617145061493e-03
5.152333527803421021e-03
5.154562648385763168e-03
5.157581530511379242e-03
5.159801337867975235e-03
5.162696354091167450e-03
5.165109410881996155e-03
5.167931318283081055e-03
5.170747172087430954e-03
5.173251964151859283e-03
5.175867583602666855e-03
5.177882965654134750e-03
5.180509295314550400e-03
5.182737018913030624e-03
5.185593850910663605e-03
5.188076756894588470e-03
5.190779455006122589e-03
5.193425342440605164e-03
5.196070298552513123e-03
5.198955535888671875e-03
5.201537162065505981e-03
5.204508081078529358e-03
5.207148380577564240e-03
5.210257135331630707e-03
5.212982185184955597e-03
5.216029472649097443e-03
5.218822509050369263e-03
5.221921484917402267e-03
5.224978551268577576e-03
5.228216759860515594e-03
5.231447052210569382e-03
5.234635900706052780e-03
5.237809382379055023e-03
5.240765865892171860e-03
5.243761464953422546e-03
5.246524233371019363e-03
5.249566864222288132e-03
5.252474453300237656e-03
5.255896132439374924e-03
5.259094759821891785e-03
5.262900143861770630e-03
5.266179330646991730e-03
5.270163528621196747e-03
5.273184273391962051e-03
5.277131218463182449e-03
5.279569886624813080e-03
5.283419508486986160e-03
5.285259801894426346e-03
5.289191845804452896e-03
5.290902219712734222e-03
5.295030772686004639e-03
5.297427065670490265e-03
5.301431752741336823e-03
5.304822232574224472e-03
5.308144725859165192e-03
5.312150344252586365e-03
5.314779933542013168e-03
5.318696610629558563e-03
5.320882890373468399e-03
5.324018187820911407e-03
5.326280370354652405e-03
5.328702740371227264e-03
5.331617780029773712e-03
5.333947017788887024e-03
5.337578710168600082e-03
5.340375006198883057e-03
5.344305187463760376e-03
5.347700323909521103e-03
5.351339466869831085e-03
5.355018191039562225e-03
5.358112975955009460e-03
5.361761897802352905e-03
5.364555865526199341e-03
5.368100013583898544e-03
5.371062085032463074e-03
5.374562460929155350e-03
5.377957597374916077e-03
5.381407216191291809e-03
5.385154858231544495e-03
5.388548597693443298e-03
5.392516031861305237e-03
5.395991727709770203e-03
