3.357555553029634154e-12
3.354967996124780250e-12
3.352780292981138999e-12
3.350737005566872817e-12
3.348724509494305224e-12
3.346713314464344613e-12
3.344683254316582754e-12
3.342618499699301360e-12
3.340511894878162025e-12
3.338365174576640726e-12
3.336183976646034388e-12
3.333975456820681416e-12
3.331746120313616721e-12
3.329495099763102317e-12
3.327220443605227729e-12
3.324916730829130529e-12
3.322580491987858764e-12
3.320211293400543440e-12
3.317812604514136510e-12
3.315389629499065904e-12
3.312945837802283577e-12
3.310483180987700003e-12
3.308001225374446186e-12
3.305498669919915145e-12
3.302974213581499896e-12
3.300424603752682984e-12
3.297851358316505888e-12
3.295259464602962041e-12
3.292662366718990263e-12
3.290076110856743341e-12
3.287514574804029088e-12
3.284982095369537447e-12
3.282473685223274984e-12
3.279980887588296312e-12
3.277500666698518472e-12
3.275036925681762412e-12
3.272600072878883992e-12
3.270202685035084045e-12
3.267850833682528489e-12
3.265538880969920399e-12
3.263260321684224863e-12
3.261003880122848031e-12
3.258763484753623985e-12
3.256536099810469764e-12
3.254323460016861347e-12
3.252128817979316189e-12
3.249954775783048255e-12
3.247800249225885061e-12
3.245665021467392108e-12
3.243546924103224427e-12
3.241444872931209531e-12
3.239357566908740438e-12
3.237282837631472177e-12
3.235215914609845811e-12
3.233148991588219445e-12
3.231079032800510120e-12
3.229000834076289905e-12
3.226916130139034777e-12
3.224828824116565684e-12
3.222744987541048545e-12
3.220669607742476792e-12
3.218604636284760900e-12
3.216549422646597378e-12
3.214505484711027705e-12
3.212468919350230934e-12
3.210437991840731087e-12
3.208409232735576211e-12
3.206380039949552341e-12
3.204349546120921488e-12
3.202316883887945664e-12
3.200285305857142326e-12
3.198257630954159936e-12
3.196236461264212458e-12
3.194222447308603385e-12
3.192216456449070705e-12
3.190218488685614417e-12
3.188226592454324049e-12
3.186239033031723622e-12
3.184254943056075149e-12
3.182273021484771647e-12
3.180296304083896075e-12
3.178323923491710445e-12
3.176358264952994226e-12
3.174399545308181914e-12
3.172446680355101023e-12
3.170499019572448063e-12
3.168555261917616050e-12
3.166613238986260015e-12
3.164671432895338476e-12
3.162730927847023921e-12
3.160789772277405874e-12
3.158851218793001792e-12
3.156915701074680669e-12
3.154983652803311500e-12
3.153054640298025291e-12
3.151128229877953046e-12
3.149202686819618791e-12
3.147277577442153529e-12
3.145352251224253770e-12
3.143426491325485017e-12
3.141501165107585258e-12
3.139576489410988991e-12
3.137651163193089232e-12
3.135725186453885982e-12
3.133797041310337761e-12
3.131864776198534095e-12
3.129926439554564510e-12
3.127980730335822024e-12
3.126026998021003145e-12
3.124066543652714856e-12
3.122103704039647099e-12
3.120144767554400289e-12
3.118197974133485317e-12
3.116267443745157628e-12
3.114347538538120297e-12
3.112428717533255451e-12
3.110504041836659184e-12
3.108573511448331494e-12
3.106643631581307297e-12
3.104720690608187006e-12
3.102806206412012102e-12
3.100898877950175603e-12
3.098994368413987566e-12
3.097087256792585563e-12
3.095178844128576578e-12
3.093270431464567594e-12
3.091363103002731094e-12
3.089455340860025601e-12
3.087544542951237148e-12
3.085628107191151770e-12
3.083705599898900473e-12
3.081778322117090241e-12
3.079847574888328054e-12
3.077913791893482909e-12
3.075976322611251312e-12
3.074031914435115809e-12
3.072079483162903912e-12
3.070115342507229172e-12
3.068137324063746618e-12
3.066141091023766307e-12
3.064121439216860310e-12
3.062072947632166198e-12
3.059992363663166515e-12
3.057878386267254278e-12
3.055730798603994991e-12
3.053555455365120075e-12
3.051363632253223379e-12
3.049169423896547215e-12
3.046988442806375375e-12
3.044832832047039695e-12
3.042707795788968106e-12
3.040608129861732678e-12
3.038525377488388024e-12
3.036448262966340295e-12
3.034366811635602623e-12
3.032282541379216489e-12
3.030198704803699350e-12
3.028122023962520615e-12
3.026054667260025255e-12
3.023996417855778773e-12
3.021944890505001702e-12
3.019895314718135104e-12
3.017845305250399512e-12
3.015795946303967412e-12
3.013748538921445785e-12
3.011705902028483095e-12
3.009668902986817329e-12
3.007637975477317482e-12
3.005609866893466098e-12
3.003582191990483707e-12
3.001553432885328832e-12
2.999524456939739459e-12
2.997496782036757068e-12
2.995471926059423140e-12
2.993452274252517142e-12
2.991436525573432093e-12
2.989423378979561008e-12
2.987409798704820929e-12
2.985395351068342862e-12
2.983379168708388818e-12
2.981363853710172762e-12
2.979350273435432683e-12
2.977338644724603078e-12
2.975328317056380456e-12
2.973317772547723337e-12
2.971307228039066217e-12
2.969294948806933121e-12
2.967283320096103516e-12
2.965272558747011900e-12
2.963262014238354780e-12
2.961250819208394169e-12
2.959239624178433559e-12
2.957225610222824486e-12
2.955210728905477424e-12
2.953194763385957877e-12
2.951178797866438330e-12
2.949162181825615292e-12
2.947144915263488762e-12
2.945126347658755250e-12
2.943105828490111264e-12
2.941084225119294793e-12
2.939060453344133350e-12
2.937036247888102913e-12
2.935010307708596500e-12
2.932982632805614109e-12
2.930953656860024736e-12
2.928920994627048913e-12
2.926885730308859124e-12
2.924846996543717381e-12
2.922805443852927176e-12
2.920760855396054012e-12
2.918711713290056409e-12
2.916658668056237858e-12
2.914599984971122382e-12
2.912535880875144478e-12
2.910466572608738645e-12
2.908389891767559909e-12
2.906306922553780758e-12
2.904217231286532197e-12
2.902119950604076237e-12
2.900014646825543885e-12
2.897902404153107625e-12
2.895783222586767458e-12
2.893660137892606343e-12
2.891533800591927772e-12
2.889408547493421686e-12
2.887285896480129566e-12
2.885166714913789399e-12
2.883051870156139174e-12
2.880942012728482382e-12
2.878835191066908550e-12
2.876730537809679689e-12
2.874625450871581833e-12
2.872517761848270013e-12
2.870405736016268250e-12
2.868290674418183528e-12
2.866171926532712355e-12
2.864050142881158223e-12
2.861925540303955628e-12
2.859799203003277057e-12
2.857670480457819018e-12
2.855540456869753996e-12
2.853409782760385482e-12
2.851277807608409987e-12
2.849146266137303485e-12
2.847016025708803966e-12
2.844883400035524978e-12
2.842748605957901020e-12
2.840609908752456114e-12
2.838465140014845289e-12
2.836313432383330557e-12
2.834155436379215409e-12
2.831988983598154874e-12
2.829813206678410964e-12
2.827626587736942199e-12
2.825427825731141596e-12
2.823223642714478565e-12
2.821025531229981453e-12
2.818841731214161150e-12
2.816672242667017656e-12
2.814509476173343572e-12
2.812348878084014459e-12
2.810184376866864397e-12
2.808012069394072441e-12
2.805822848367389710e-12
2.803610208573781293e-12
2.801399737184517846e-12
2.799239572776057727e-12
2.797056856962409910e-12
2.794790874421915206e-12
2.792507978327529727e-12
2.790282328107851484e-12
2.788092239719430765e-12
2.785890658787981700e-12
2.783671730621772866e-12
2.781458657147295455e-12
2.779239078459783130e-12
2.777038798570941047e-12
2.774852830150775773e-12
2.772691147859274174e-12
2.770506914162584877e-12
2.768354339169332157e-12
2.766169021270470374e-12
2.764019915724169607e-12
2.761828959974010900e-12
2.759670963969895752e-12
2.757482610304951010e-12
2.755291220873923308e-12
2.753096795676812647e-12
2.750895431585798079e-12
2.748728545123868550e-12
2.746547997714565703e-12
2.744397157444788959e-12
2.742239811961977303e-12
2.740092441139152513e-12
2.737960032306308022e-12
2.735822852983904596e-12
2.733702587215391944e-12
2.731560203722560587e-12
2.729421506517115681e-12
2.727272834651683908e-12
2.725126548031031604e-12
2.722988501346890189e-12
2.720845901013624335e-12
2.718716311106428307e-12
2.716578698103155887e-12
2.714453661845084298e-12
2.712329059267881703e-12
2.710211178744148519e-12
2.708097418188670780e-12
2.705977152420158127e-12
2.703859705577293937e-12
2.701730332510532406e-12
2.699603778369419338e-12
2.697468550610926386e-12
2.695336358618516392e-12
2.693202215062195926e-12
2.691071324112392915e-12
2.688947155216059315e-12
2.686826455766677668e-12
2.684716164658151882e-12
2.682604572507019114e-12
2.680499919249790253e-12
2.678391362864740444e-12
2.676286709607511582e-12
2.674180104786372247e-12
2.672077186252619363e-12
2.669974918240169970e-12
2.667875035472500045e-12
2.665778188470913079e-12
2.663683293033236588e-12
2.661591433361643055e-12
2.659500657892222009e-12
2.657414219231490904e-12
2.655326262687718319e-12
2.653243510314373665e-12
2.651158806377118538e-12
2.649080824493332820e-12
2.647002192088243611e-12
2.644931365938796297e-12
2.642858371385004013e-12
2.640794267289026109e-12
2.638727777948268738e-12
2.636669962224891250e-12
2.634609110735430804e-12
2.632558667586826218e-12
2.630503020267793701e-12
2.628460383374831011e-12
2.626409940226226425e-12
2.624376410631512613e-12
2.622332472695942940e-12
2.620307833559043509e-12
2.618271485038681234e-12
2.616252917433947722e-12
2.614223724647923852e-12
2.612208843330576791e-12
2.610188974683236296e-12
2.608177129131972194e-12
2.606167885665922057e-12
2.604159509561609909e-12
2.602160891276850130e-12
2.600158153023834906e-12
2.598167557835151520e-12
2.596173276359081683e-12
2.594190704266474690e-12
2.592206397450391719e-12
2.590229680049516148e-12
2.588255998414723535e-12
2.586286219907751871e-12
2.584322512932946125e-12
2.582358155436836888e-12
2.580402471558107536e-12
2.578445052955902206e-12
2.576496091130642263e-12
2.574546261943644332e-12
2.572602721129246817e-12
2.570660264517021787e-12
2.568721711032617705e-12
2.566786410154731080e-12
2.564852193479016940e-12
2.562923397814165227e-12
2.560994818989748012e-12
2.559072745378365710e-12
2.557149804405245419e-12
2.555233151804725544e-12
2.553315631842467681e-12
2.551402665529334257e-12
2.549490566577938822e-12
2.547583671796971316e-12
2.545681113824693753e-12
2.543785061065451103e-12
2.541893778795767389e-12
2.540005965973035629e-12
2.538120755235517834e-12
2.536235978178869033e-12
2.534355104250041180e-12
2.532475531363820309e-12
2.530600728967158375e-12
2.528727444453537920e-12
2.526860231472083385e-12
2.524992801650194352e-12
2.523131009679602244e-12
2.521264447219451199e-12
2.519399185801907137e-12
2.517521347639162244e-12
2.515645894721196818e-12
2.513779332261045774e-12
2.511953318962145687e-12
2.510129690908025069e-12
2.508304761811297467e-12
2.506448174011133290e-12
2.504585948359672187e-12
2.502698786058243918e-12
2.500819430012457545e-12
2.498920558327566432e-12
2.497020385600068337e-12
2.495087469966961180e-12
2.493152385929509052e-12
2.491242021701589593e-12
2.489363749857975705e-12
2.487500440004342117e-12
2.485621951320293732e-12
2.483745847881024815e-12
2.481853698249603113e-12
2.479960681256443422e-12
2.478048582305047987e-12
2.476128893938445152e-12
2.474215493944442734e-12
2.472329415845186951e-12
2.470467407034160345e-12
2.468593038318367405e-12
2.466709562304325587e-12
2.464807654853351515e-12
2.462915288381495316e-12
2.461034848133536457e-12
2.459177392971634291e-12
2.457331213512325974e-12
2.455488503499969610e-12
2.453643191402399282e-12
2.451780098389200191e-12
2.449902693907324291e-12
2.448010977956771583e-12
2.446129453506640239e-12
2.444252699546067831e-12
2.442381583436792347e-12
2.440500709507964494e-12
2.438619401898267647e-12
2.436740479533350268e-12
2.434875434956240703e-12
2.433026219730849427e-12
2.431191749655003953e-12
2.429368555281752329e-12
2.427552733483273606e-12
2.425747320025650744e-12
2.423949062302366286e-12
2.422164248686020649e-12
2.420382904516626965e-12
2.418609149762440680e-12
2.416832142401736938e-12
2.415062073934937104e-12
2.413287451819012830e-12
2.411527141171765365e-12
2.409763144237131449e-12
2.408021265026816238e-12
2.406270712199121142e-12
2.404549215989648658e-12
2.402809288343243921e-12
2.401100585719406766e-12
2.399360658073002028e-12
2.397650871246992388e-12
2.395915930930581084e-12
2.394213299838909847e-12
2.392515872917666542e-12
2.390825818571196137e-12
2.389144221001671120e-12
2.387438987824785919e-12
2.385752402925267468e-12
2.384045651865340787e-12
2.382363837455381272e-12
2.380679204119773296e-12
2.379003678082414197e-12
2.377335958300696994e-12
2.375654794412040971e-12
2.373989893555972230e-12
2.372307862305578219e-12
2.370644696172985455e-12
2.368973506944316298e-12
2.367309690290420043e-12
2.365651728328255210e-12
2.363989646397834932e-12
2.362345128542608919e-12
2.360689118144354559e-12
2.359047419214777008e-12
2.357391191976088152e-12
2.355739735226958231e-12
2.354082206945662392e-12
2.352427714430449512e-12
2.350782546053920008e-12
2.349130872464355591e-12
2.347485270406957092e-12
