1.286135911941528320e-01
1.211839690804481506e-01
1.155889555811882019e-01
1.112758591771125793e-01
1.078732386231422424e-01
1.051775813102722168e-01
1.030348017811775208e-01
1.013222560286521912e-01
9.994138777256011963e-02
9.881544858217239380e-02
9.789020568132400513e-02
9.713039547204971313e-02
9.651403129100799561e-02
9.602775424718856812e-02
9.566251188516616821e-02
9.540893137454986572e-02
9.525326639413833618e-02
9.517533332109451294e-02
9.514919668436050415e-02
9.514624625444412231e-02
9.513972699642181396e-02
9.510905295610427856e-02
9.504265338182449341e-02
9.493844211101531982e-02
9.480242431163787842e-02
9.464596956968307495e-02
9.448273479938507080e-02
9.432592242956161499e-02
9.418614953756332397e-02
9.407016634941101074e-02
9.398036450147628784e-02
9.391520917415618896e-02
9.387016296386718750e-02
9.383913874626159668e-02
9.381604939699172974e-02
9.379603713750839233e-02
9.377629309892654419e-02
9.375602751970291138e-02
9.373585879802703857e-02
9.371677041053771973e-02
9.369909018278121948e-02
9.368162602186203003e-02
9.366147965192794800e-02
9.363444149494171143e-02
9.359599649906158447e-02
9.354260563850402832e-02
9.347289800643920898e-02
9.338840097188949585e-02
9.329356998205184937e-02
9.319487959146499634e-02
9.309939295053482056e-02
9.301323443651199341e-02
9.294012933969497681e-02
9.288082271814346313e-02
9.283323585987091064e-02
9.279333055019378662e-02
9.275653958320617676e-02
9.271914511919021606e-02
9.267925471067428589e-02
9.263705462217330933e-02
9.259441494941711426e-02
9.255377203226089478e-02
9.251709282398223877e-02
9.248496592044830322e-02
9.245634824037551880e-02
9.242887794971466064e-02
9.239986538887023926e-02
9.236729145050048828e-02
9.233064949512481689e-02
9.229128807783126831e-02
9.225204586982727051e-02
9.221646934747695923e-02
9.218773990869522095e-02
9.216783195734024048e-02
9.215713292360305786e-02
9.215460717678070068e-02
9.215842932462692261e-02
9.216672927141189575e-02
9.217832982540130615e-02
9.219288825988769531e-02
9.221075475215911865e-02
9.223249554634094238e-02
9.225822240114212036e-02
9.228741377592086792e-02
9.231884777545928955e-02
9.235112369060516357e-02
9.238323569297790527e-02
9.241510182619094849e-02
9.244770556688308716e-02
9.248284250497817993e-02
9.252244979143142700e-02
9.256799519062042236e-02
9.261993318796157837e-02
9.267760813236236572e-02
9.273963421583175659e-02
9.280439466238021851e-02
9.287067502737045288e-02
9.293790161609649658e-02
9.300614893436431885e-02
9.307581931352615356e-02
9.314716607332229614e-02
9.322009980678558350e-02
9.329413622617721558e-02
9.336867928504943848e-02
9.344333410263061523e-02
9.351810812950134277e-02
9.359344840049743652e-02
9.366994351148605347e-02
9.374798834323883057e-02
9.382758289575576782e-02
9.390823543071746826e-02
9.398934245109558105e-02
9.407045692205429077e-02
9.415154159069061279e-02
9.423299133777618408e-02
9.431535005569458008e-02
9.439899027347564697e-02
9.448377788066864014e-02
9.456905722618103027e-02
9.465393424034118652e-02
9.473750740289688110e-02
9.481920301914215088e-02
9.489882737398147583e-02
9.497641026973724365e-02
9.505191445350646973e-02
9.512517601251602173e-02
9.519584476947784424e-02
9.526364505290985107e-02
9.532847255468368530e-02
9.539050608873367310e-02
9.545008093118667603e-02
9.550748020410537720e-02
9.556280076503753662e-02
9.561602771282196045e-02
9.566713124513626099e-02
9.571625292301177979e-02
9.576372057199478149e-02
9.580996632575988770e-02
9.585527330636978149e-02
9.589967876672744751e-02
9.594298154115676880e-02
9.598498046398162842e-02
9.602564573287963867e-02
9.606514871120452881e-02
9.610385447740554810e-02
9.614206850528717041e-02
9.617995470762252808e-02
9.621752053499221802e-02
9.625475108623504639e-02
9.629165381193161011e-02
