1.013238451474940405e-11
9.136811099375030665e-12
8.550575178456476522e-12
8.152366802460786488e-12
7.856458539290400722e-12
7.617882019639310442e-12
7.411854116567972994e-12
7.228317337043543844e-12
7.062647341959937819e-12
6.911368179152166391e-12
6.771882967576692280e-12
6.642489509822713245e-12
6.521940973391870955e-12
6.409138844643003097e-12
6.303145505537344206e-12
6.203266199322765573e-12
6.108996121467757945e-12
6.019849983079916811e-12
5.935198513218331584e-12
5.854239835956231985e-12
5.776103987470415646e-12
5.700035062006225672e-12
5.625511341478262040e-12
5.552283459386853082e-12
5.480311950772920326e-12
5.409684852852869597e-12
5.340543545589993002e-12
5.273041985692783484e-12
5.207323721528878124e-12
5.143505413252036362e-12
5.081657750843904253e-12
5.021792010007075646e-12
4.963850944866843307e-12
4.907724834163351701e-12
4.853280971550688605e-12
4.800398793747273629e-12
4.748981589919321067e-12
4.698965608979088771e-12
4.650307049158808326e-12
4.602969047584615225e-12
4.556913006659168985e-12
4.512094690933832197e-12
4.468465528151277510e-12
4.425978680777653551e-12
4.384585142874763974e-12
4.344238510589626401e-12
4.304896716877948393e-12
4.266531138802376333e-12
4.229115755510770569e-12
4.192632786087502339e-12
4.157058378084776962e-12
4.122357837033074901e-12
4.088488228526365731e-12
4.055401847669060089e-12
4.023050122203830625e-12
3.991387081958563954e-12
3.960372828293312608e-12
3.929975268823771017e-12
3.900175321591703437e-12
3.870959976171040040e-12
3.842321426306138932e-12
3.814254467826572181e-12
3.786745222944531974e-12
3.759778079148734520e-12
3.733333087119206084e-12
3.707392032259448911e-12
3.681933230526013290e-12
3.656938467322401465e-12
3.632394298541674615e-12
3.608290749523845875e-12
3.584620447694142342e-12
3.561375803637356618e-12
3.538547493214805328e-12
3.516123156521722137e-12
3.494088698929864734e-12
3.472428724768383823e-12
3.451129139409037094e-12
3.430176281904451230e-12
3.409559527073335872e-12
3.389272369702656107e-12
3.369308955100680514e-12
3.349663645416112168e-12
3.330332971201999115e-12
3.311310427245306443e-12
3.292588640971261249e-12
3.274160456645525130e-12
3.256018718533759682e-12
3.238154969859019516e-12
3.220567475897828658e-12
3.203249297756283198e-12
3.186197399668300179e-12
3.169406143782582674e-12
3.152870976450006246e-12
3.136585609297970478e-12
3.120545922358219926e-12
3.104744326215547190e-12
3.089179086146476294e-12
3.073846949544489782e-12
3.058744880643504693e-12
3.043872445762652035e-12
3.029225091252807367e-12
3.014799347667018736e-12
3.000590227675292709e-12
2.986593611309373841e-12
2.972801909154054734e-12
2.959209917038907456e-12
2.945815683400021534e-12
2.932615088269141523e-12
2.919604662199315470e-12
2.906781152584025918e-12
2.894139788933713930e-12
2.881677535482296548e-12
2.869389404899780338e-12
2.857271710898778849e-12
2.845319249308864151e-12
2.833530285406560267e-12
2.821903734989694712e-12
2.810434610728274052e-12
2.799120310537084322e-12
2.787959967054387533e-12
2.776950110833231733e-12
2.766089440831009938e-12
2.755377089685984160e-12
2.744808286908595463e-12
2.734382598817974852e-12
2.724094170722390906e-12
2.713938448972719186e-12
2.703911747281573241e-12
2.694008644638090644e-12
2.684227189478360920e-12
2.674565213398039099e-12
2.665020547992780209e-12
2.655590591177370285e-12
2.646273391387898855e-12
2.637064394975241477e-12
2.627962951418094661e-12
2.618966892312113437e-12
2.610072314529476856e-12
2.601278567548881426e-12
2.592582832444678687e-12
2.583984241855130648e-12
2.575480844216326837e-12
2.567071555326094767e-12
2.558755724663130948e-12
2.550531834344393900e-12
2.542399450689014628e-12
2.534356838973517156e-12
2.526402698155294502e-12
2.518535293510870687e-12
2.510753323997638731e-12
