5.125784315168857574e-03
5.125791765749454498e-03
5.125799216330051422e-03
5.125804804265499115e-03
5.125811323523521423e-03
5.125815980136394501e-03
5.125822033733129501e-03
5.125827621668577194e-03
5.125832743942737579e-03
5.125836003571748734e-03
5.125841125845909119e-03
5.125846248120069504e-03
5.125849507749080658e-03
5.125854164361953735e-03
5.125857889652252197e-03
5.125862546265125275e-03
5.125865340232849121e-03
5.125869065523147583e-03
5.125873256474733353e-03
5.125877447426319122e-03
5.125881638377904892e-03
5.125883966684341431e-03
5.125887691974639893e-03
5.125890485942363739e-03
5.125894211232662201e-03
5.125897936522960663e-03
5.125900264829397202e-03
5.125902593135833740e-03
5.125906784087419510e-03
5.125910043716430664e-03
5.125913769006729126e-03
5.125915165990591049e-03
5.125918425619602203e-03
5.125921685248613358e-03
5.125923547893762589e-03
5.125927273184061050e-03
5.125930532813072205e-03
5.125931464135646820e-03
5.125934723764657974e-03
5.125937983393669128e-03
5.125940311700105667e-03
5.125943571329116821e-03
5.125946830958127975e-03
5.125947296619415283e-03
5.125950556248426437e-03
5.125952884554862976e-03
5.125955678522586823e-03
5.125958472490310669e-03
5.125961266458034515e-03
5.125963594764471054e-03
5.125964526087045670e-03
5.125966854393482208e-03
5.125969648361206055e-03
5.125972442328929901e-03
5.125975236296653748e-03
5.125978030264377594e-03
5.125980824232101440e-03
5.125980824232101440e-03
5.125983618199825287e-03
5.125985480844974518e-03
5.125988274812698364e-03
5.125990137457847595e-03
5.125992931425571442e-03
5.125994794070720673e-03
5.125998053699731827e-03
5.125998519361019135e-03
5.126000382006168365e-03
5.126002710312604904e-03
5.126005969941616058e-03
5.126007832586765289e-03
5.126010160893201828e-03
5.126012489199638367e-03
5.126014817506074905e-03
5.126015283167362213e-03
5.126017145812511444e-03
5.126019939780235291e-03
5.126022268086671829e-03
5.126023665070533752e-03
5.126025993376970291e-03
5.126028321683406830e-03
5.126031115651130676e-03
5.126031115651130676e-03
5.126033443957567215e-03
5.126034840941429138e-03
5.126037634909152985e-03
5.126039963215589523e-03
5.126041825860738754e-03
5.126044619828462601e-03
5.126046948134899139e-03
5.126048345118761063e-03
5.126049276441335678e-03
5.126050673425197601e-03
5.126053001731634140e-03
5.126055330038070679e-03
5.126056727021932602e-03
5.126058589667081833e-03
5.126060917973518372e-03
5.126063246279954910e-03
5.126064643263816833e-03
5.126064643263816833e-03
5.126066971570253372e-03
5.126069299876689911e-03
5.126071162521839142e-03
5.126073490828275681e-03
5.126074887812137604e-03
5.126077216118574142e-03
5.126079544425010681e-03
5.126081407070159912e-03
5.126081407070159912e-03
5.126083735376596451e-03
5.126085132360458374e-03
5.126086995005607605e-03
5.126088857650756836e-03
5.126090720295906067e-03
5.126092117279767990e-03
5.126094445586204529e-03
5.126096308231353760e-03
5.126098636537790298e-03
5.126098170876502991e-03
5.126100033521652222e-03
5.126101896166801453e-03
5.126103758811950684e-03
5.126105621457099915e-03
5.126108415424823761e-03
5.126109346747398376e-03
5.126111675053834915e-03
5.126113072037696838e-03
5.126115866005420685e-03
5.126115400344133377e-03
5.126117262989282608e-03
5.126118659973144531e-03
5.126120522618293762e-03
5.126122850924730301e-03
5.126123316586017609e-03
5.126125644892454147e-03
5.126127507537603378e-03
5.126129835844039917e-03
5.126130767166614532e-03
5.126131698489189148e-03
5.126132629811763763e-03
5.126134492456912994e-03
5.126136355102062225e-03
5.126138217747211456e-03
5.126139149069786072e-03
5.126142408698797226e-03
5.126143805682659149e-03
5.126145668327808380e-03
5.126146599650382996e-03
5.126148462295532227e-03
5.126148927956819534e-03
