3.357439109716309211e-12
3.357431737141536310e-12
3.357426099290239385e-12
3.357421111960245952e-12
3.357414606747211039e-12
3.357410269938521097e-12
3.357405933129831155e-12
3.357400945799837721e-12
3.357398126874189259e-12
3.357394006905933814e-12
3.357389236416374878e-12
3.357385983809857422e-12
3.357382297522470971e-12
3.357378394394650023e-12
3.357374924947698069e-12
3.357372106022049607e-12
3.357369287096401145e-12
3.357364950287711203e-12
3.357361914521628243e-12
3.357358661915110787e-12
3.357356710351200313e-12
3.357353674585117354e-12
3.357349771457296406e-12
3.357347819893385932e-12
3.357345651489040961e-12
3.357342398882523504e-12
3.357339796797309539e-12
3.357337194712095574e-12
3.357334375786447112e-12
3.357332641062971135e-12
3.357329605296888175e-12
3.357327003211674210e-12
3.357325051647763736e-12
3.357321799041246280e-12
3.357320281158204800e-12
3.357317895913425332e-12
3.357315727509080361e-12
3.357313775945169887e-12
3.357311173859955922e-12
3.357309222296045448e-12
3.357307053891700477e-12
3.357304885487355506e-12
3.357302283402141541e-12
3.357300548678665564e-12
3.357298380274320593e-12
3.357296211869975622e-12
3.357294043465630651e-12
3.357292308742154674e-12
3.357289923497375206e-12
3.357288622454768223e-12
3.357286237209988755e-12
3.357283851965209287e-12
3.357282334082167807e-12
3.357280382518257333e-12
3.357278647794781357e-12
3.357276262550001888e-12
3.357274527826525912e-12
3.357273009943484432e-12
3.357270624698704964e-12
3.357269540496532478e-12
3.357266938411318513e-12
3.357264986847408039e-12
3.357263685804801057e-12
3.357262167921759577e-12
3.357260433198283600e-12
3.357258481634373126e-12
3.357256313230028155e-12
3.357255012187421173e-12
3.357253277463945196e-12
3.357251542740469219e-12
3.357250241697862236e-12
3.357247639612648271e-12
3.357246772250910283e-12
3.357244820686999809e-12
3.357242869123089335e-12
3.357240917559178861e-12
3.357240267037875370e-12
3.357238965995268387e-12
3.357237231271792410e-12
3.357235496548316434e-12
3.357233328143971463e-12
3.357231593420495486e-12
3.357229858697019509e-12
3.357228557654412526e-12
3.357227256611805544e-12
3.357225738728764064e-12
3.357224654526591578e-12
3.357222052441377613e-12
3.357221618760508619e-12
3.357219233515729151e-12
3.357217715632687671e-12
3.357215764068777197e-12
3.357214679866604712e-12
3.357212945143128735e-12
3.357212077781390747e-12
3.357210776738783764e-12
3.357208608334438793e-12
3.357207740972700805e-12
3.357206223089659325e-12
3.357203621004445360e-12
3.357201886280969383e-12
3.357201452600100389e-12
3.357199934717058909e-12
3.357198633674451926e-12
3.357196682110541452e-12
3.357195597908368967e-12
3.357193863184892990e-12
3.357192562142286008e-12
3.357190610578375534e-12
3.357189960057072042e-12
3.357188225333596066e-12
3.357187357971858077e-12
3.357185406407947603e-12
3.357184322205775118e-12
3.357182370641864644e-12
3.357181720120561152e-12
3.357180419077954170e-12
3.357178250673609199e-12
3.357176732790567719e-12
3.357175214907526239e-12
3.357174781226657245e-12
3.357173697024484760e-12
3.357172179141443280e-12
3.357171311779705292e-12
3.357169577056229315e-12
3.357167842332753338e-12
3.357166974971015350e-12
3.357165023407104876e-12
3.357163722364497893e-12
3.357162204481456413e-12
3.357161120279283928e-12
3.357159602396242448e-12
3.357158518194069963e-12
3.357157000311028483e-12
3.357155699268421500e-12
3.357155265587552506e-12
3.357153530864076529e-12
3.357152663502338541e-12
3.357149844576690079e-12
3.357149194055386587e-12
3.357148760374517593e-12
3.357146591970172622e-12
3.357145507768000137e-12
3.357144857246696645e-12
3.357143556204089663e-12
3.357142255161482680e-12
3.357139653076268715e-12
3.357139653076268715e-12
3.357137050991054750e-12
3.357135749948447767e-12
