1.013238451474940405e-11
9.080024059027191896e-12
8.487301139670222483e-12
8.095569353772091858e-12
7.809175181505700891e-12
7.578469102265117385e-12
7.378722632900291956e-12
7.200464183232391235e-12
7.039104542305718581e-12
6.891192477764818136e-12
6.754356188937160610e-12
6.627199223424584673e-12
6.508720212100582714e-12
6.397920387923861085e-12
6.293782335575759390e-12
6.195409203019197619e-12
6.102122713375068841e-12
6.013451021857907364e-12
5.929013790345605273e-12
5.848414634523901867e-12
5.771178673841248497e-12
5.696771179786175310e-12
5.624682143656745126e-12
5.554514313776959256e-12
5.486029165668870888e-12
5.419146034690847102e-12
5.353890074333289562e-12
5.290344551323045152e-12
5.228597936557388692e-12
5.168725256826656178e-12
5.110766844451664070e-12
5.054718796304591422e-12
5.000534708532455852e-12
4.948130013365803492e-12
4.897407132609110647e-12
