1.286135911941528320e-01
1.207898184657096863e-01
1.151279136538505554e-01
1.108605265617370605e-01
1.075490266084671021e-01
1.049542650580406189e-01
1.029091700911521912e-01
1.012907549738883972e-01
1.000032573938369751e-01
9.897199273109436035e-02
9.814234822988510132e-02
9.747578948736190796e-02
9.694519639015197754e-02
9.653170406818389893e-02
9.622156620025634766e-02
9.600267559289932251e-02
9.586197137832641602e-02
9.578397870063781738e-02
9.575066715478897095e-02
9.574253112077713013e-02
9.574063867330551147e-02
9.572897851467132568e-02
9.569662809371948242e-02
9.563884139060974121e-02
9.555684775114059448e-02
9.545649588108062744e-02
9.534633159637451172e-02
9.523564577102661133e-02
9.513289481401443481e-02
9.504464268684387207e-02
9.497494995594024658e-02
9.492512047290802002e-02
9.489395469427108765e-02
9.487827122211456299e-02
9.487374871969223022e-02
