1.286135911941528320e-01
1.207897737622261047e-01
1.151278689503669739e-01
1.108604744076728821e-01
1.075489968061447144e-01
1.049542650580406189e-01
1.029091924428939819e-01
1.012907996773719788e-01
1.000033095479011536e-01
9.897206723690032959e-02
9.814245253801345825e-02
9.747593104839324951e-02
9.694537520408630371e-02
9.653190523386001587e-02
9.622178226709365845e-02
9.600290656089782715e-02
9.586221724748611450e-02
9.578421711921691895e-02
9.575089067220687866e-02
9.574273973703384399e-02
9.574081748723983765e-02
9.572911262512207031e-02
9.569672495126724243e-02
9.563891589641571045e-02
9.555689245462417603e-02
9.545654058456420898e-02
9.534638375043869019e-02
9.523573517799377441e-02
9.513301402330398560e-02
9.504480659961700439e-02
9.497513622045516968e-02
9.492533653974533081e-02
9.489418566226959229e-02
9.487851709127426147e-02
9.487398713827133179e-02
