1.013238451474940405e-11
9.080018854856763966e-12
8.487291598691104610e-12
8.095558945431235998e-12
7.809164773164845030e-12
7.578458693924261524e-12
7.378712224559436095e-12
7.200455509615011351e-12
7.039096736050076686e-12
6.891187273594390206e-12
6.754355321575422622e-12
6.627199223424584673e-12
6.508721513143189696e-12
6.397923423689944045e-12
6.293784937660973355e-12
6.195408769338328625e-12
6.102121412332461858e-12
6.013446685049217422e-12
5.929007285132570360e-12
5.848405093544783995e-12
5.771168265500392636e-12
5.696760337764450455e-12
5.624670000592413288e-12
5.554502170712627418e-12
5.486017022604539051e-12
5.419134758988253253e-12
5.353879232311564706e-12
5.290332408258713315e-12
5.228585793493056855e-12
5.168713547443193335e-12
5.110755568749070221e-12
5.054706653240259584e-12
5.000521264425517032e-12
4.948116569258864672e-12
4.897394122183040821e-12
