3.357441711801523176e-12
3.357436507631095246e-12
3.357430436098929327e-12
3.357425448768935894e-12
3.357421328800680449e-12
3.357416775151556010e-12
3.357413088864169559e-12
3.357409402576783108e-12
3.357405282608527664e-12
3.357401379480706716e-12
3.357398560555058253e-12
3.357395307948540797e-12
3.357391838501588843e-12
3.357388585895071387e-12
3.357385333288553930e-12
3.357383164884208959e-12
3.357380129118126000e-12
3.357377310192477537e-12
3.357374274426394578e-12
3.357371455500746116e-12
3.357368853415532151e-12
3.357366901851621677e-12
3.357363866085538717e-12
3.357361914521628243e-12
3.357358445074676290e-12
3.357356927191634810e-12
3.357354325106420845e-12
3.357352156702075874e-12
3.357349120935992914e-12
3.357347169372082440e-12
3.357345000967737469e-12
3.357343049403826996e-12
3.357340447318613030e-12
3.357338712595137054e-12
3.357335893669488591e-12
3.357333942105578117e-12
3.357331340020364152e-12
3.357329822137322672e-12
3.357327870573412198e-12
3.357325919009501725e-12
3.357323750605156754e-12
3.357321582200811783e-12
3.357319196956032314e-12
3.357317028551687343e-12
3.357315293828211367e-12
3.357313559104735390e-12
3.357311824381259413e-12
3.357309872817348939e-12
3.357307270732134974e-12
3.357305752849093494e-12
3.357303150763879529e-12
3.357300982359534558e-12
3.357300114997796570e-12
3.357297729753017101e-12
3.357295778189106628e-12
3.357293609784761657e-12
3.357291658220851183e-12
3.357289706656940709e-12
3.357287538252595738e-12
3.357286020369554258e-12
3.357284068805643784e-12
3.357282334082167807e-12
3.357280599358691831e-12
3.357278430954346859e-12
3.357276045709567391e-12
3.357274310986091415e-12
3.357272793103049935e-12
3.357270624698704964e-12
3.357269106815663484e-12
3.357267155251753010e-12
3.357264986847408039e-12
3.357262818443063068e-12
3.357260650038718097e-12
3.357258915315242120e-12
3.357256746910897149e-12
3.357255445868290167e-12
3.357253060623510699e-12
3.357251109059600225e-12
3.357248940655255254e-12
3.357246989091344780e-12
3.357245037527434306e-12
3.357242435442220341e-12
3.357241134399613358e-12
3.357239182835702884e-12
3.357236797590923416e-12
3.357235062867447439e-12
3.357232460782233474e-12
3.357230292377888503e-12
3.357227907133109035e-12
3.357225955569198561e-12
3.357224220845722584e-12
3.357222486122246607e-12
3.357219884037032642e-12
3.357217932473122168e-12
3.357215547228342700e-12
3.357213161983563232e-12
3.357211210419652758e-12
3.357209042015307787e-12
3.357207307291831810e-12
3.357204271525748851e-12
3.357202319961838377e-12
3.357199934717058909e-12
3.357197766312713938e-12
3.357195164227499973e-12
3.357193429504023996e-12
3.357190827418810031e-12
3.357188659014465060e-12
3.357186490610120089e-12
3.357184105365340621e-12
3.357181720120561152e-12
3.357179118035347187e-12
3.357176515950133222e-12
3.357173913864919257e-12
3.357172179141443280e-12
3.357170010737098309e-12
3.357167191811449847e-12
3.357164806566670379e-12
3.357162204481456413e-12
3.357159168715373454e-12
3.357157000311028483e-12
3.357154615066249015e-12
3.357152229821469547e-12
3.357149627736255582e-12
3.357146808810607119e-12
3.357143989884958657e-12
3.357141387799744692e-12
3.357138352033661732e-12
3.357136400469751258e-12
3.357133364703668299e-12
3.357130545778019837e-12
3.357127943692805871e-12
3.357125124767157409e-12
3.357122739522377941e-12
3.357119703756294982e-12
3.357116667990212022e-12
3.357114065904998057e-12
3.357110596458046103e-12
3.357107560691963144e-12
3.357104958606749179e-12
3.357101706000231722e-12
3.357098670234148763e-12
3.357095851308500301e-12
3.357093249223286335e-12
3.357089346095465388e-12
3.357085876648513434e-12
3.357082840882430474e-12
3.357079805116347515e-12
3.357076552509830059e-12
3.357073299903312602e-12
3.357069830456360648e-12
3.357066577849843192e-12
3.357062891562456741e-12
3.357058988434635793e-12
3.357055952668552834e-12
3.357052483221600880e-12
3.357048796934214430e-12
3.357045544327696973e-12
3.357041424359441528e-12
3.357037304391186083e-12
3.357033401263365135e-12
3.357029931816413182e-12
3.357026028688592234e-12
3.357021908720336789e-12
3.357018005592515841e-12
3.357013235102956905e-12
3.357009115134701460e-12
3.357005212006880512e-12
3.357000875198190570e-12
3.356996755229935125e-12
3.356992635261679681e-12
3.356988298452989739e-12
3.356983744803865299e-12
3.356979407995175357e-12
3.356974420665181924e-12
3.356969650175622988e-12
3.356964879686064052e-12
3.356960976558243104e-12
3.356955772387815173e-12
3.356951001898256237e-12
3.356946231408697301e-12
3.356940810397834873e-12
3.356936256748710434e-12
3.356931052578282504e-12
3.356925414726985579e-12
3.356920210556557649e-12
3.356915223226564216e-12
3.356910235896570782e-12
3.356904598045273858e-12
3.356898960193976933e-12
3.356893105502245511e-12
3.356887901331817581e-12
3.356882697161389650e-12
3.356876842469658229e-12
3.356870770937492310e-12
3.356864699405326391e-12
3.356859061554029466e-12
3.356852990021863548e-12
3.356846701649263132e-12
3.356840846957531710e-12
3.356834558584931294e-12
3.356828270212330878e-12
3.356821764999295965e-12
3.356815042945826555e-12
3.356808971413660636e-12
3.356802466200625723e-12
3.356795310466287319e-12
3.356788805253252406e-12
3.356781866359348498e-12
3.356774927465444591e-12
3.356767554890671690e-12
3.356760615996767783e-12
3.356753460262429378e-12
3.356746304528090974e-12
3.356739148793752570e-12
3.356731342538110674e-12
3.356723753122903275e-12
3.356715513186392386e-12
3.356708574292488478e-12
3.356700768036846583e-12
3.356692311259901196e-12
3.356685155525562791e-12
3.356676265067748410e-12
3.356668241971672018e-12
3.356659134673423139e-12
3.356650894736912250e-12
3.356642654800401360e-12
3.356633981183021476e-12
3.356624873884772597e-12
3.356615983426958216e-12
3.356606659288274841e-12
3.356597985670894957e-12
3.356588227851342587e-12
3.356579337393528206e-12
3.356569796414410334e-12
3.356559821754423467e-12
3.356549413413567606e-12
3.356539872434449734e-12
3.356529030412724879e-12
3.356519489433607006e-12
3.356508647411882151e-12
3.356498672751895285e-12
3.356487830730170430e-12
3.356477422389314569e-12
3.356466146686720720e-12
3.356455304664995865e-12
3.356443595281533021e-12
3.356432753259808166e-12
3.356420393355041831e-12
3.356408900812013485e-12
3.356396974588116144e-12
3.356384614683349810e-12
3.356372905299886966e-12
3.356360545395120631e-12
3.356348402330788794e-12
3.356335175064284471e-12
3.356322164638214645e-12
3.356309154212144819e-12
3.356296143786074992e-12
3.356282482838701675e-12
3.356269255572197352e-12
3.356255377784389538e-12
3.356241283156147226e-12
3.356226971687470417e-12
3.356213093899662603e-12
3.356198348750116800e-12
3.356184037281439991e-12
3.356168858451025194e-12
3.356153245939741403e-12
3.356138283949761103e-12
3.356123105119346306e-12
3.356107492608062515e-12
3.356091446415909729e-12
3.356075400223756944e-12
3.356059354031604158e-12
3.356042440477713384e-12
3.356026394285560599e-12
3.356009047050800831e-12
3.355992133496910057e-12
3.355974786262150289e-12
3.355957439027390521e-12
3.355938790750023770e-12
3.355921443515264002e-12
3.355903012078331749e-12
3.355885014322268489e-12
3.355866366044901739e-12
3.355847284086665994e-12
3.355828418968864746e-12
3.355808469648891013e-12
3.355788954009786274e-12
3.355769221530247037e-12
3.355749272210273304e-12
3.355729106049865074e-12
3.355708506208587849e-12
3.355687472686441630e-12
3.355666872845164406e-12
3.355645188801714696e-12
3.355623938439133980e-12
3.355602254395684270e-12
3.355580353511800062e-12
3.355558018947046861e-12
3.355535467541859163e-12
3.355512916136671464e-12
3.355490364731483766e-12
3.355466945964558079e-12
3.355443527197632392e-12
3.355419457909403214e-12
3.355395388621174035e-12
3.355371319332944857e-12
3.355346816363846685e-12
3.355322530235183009e-12
3.355297376744781346e-12
3.355272223254379682e-12
3.355245985561805533e-12
3.355220398390534875e-12
3.355194377538395223e-12
3.355168573526690068e-12
3.355141468472377930e-12
3.355115230779803781e-12
3.355087475204188152e-12
3.355060586990310512e-12
3.355033048255129380e-12
3.355005509519948248e-12
3.354976452901725636e-12
3.354948263645241013e-12
3.354919640707887396e-12
3.354890150408795790e-12
3.354861310631007676e-12
3.354832037172350567e-12
3.354801679511520973e-12
3.354771321850691379e-12
3.354741614711165276e-12
3.354710606529032191e-12
3.354679381506464608e-12
3.354647939643462529e-12
3.354616497780460449e-12
3.354584622236589375e-12
3.354552746692718301e-12
3.354519786946674742e-12
3.354487260881500177e-12
3.354454301135456618e-12
3.354420907708544064e-12
3.354387514281631510e-12
3.354353253492980969e-12
3.354318992704330427e-12
3.354284731915679885e-12
3.354249603765291354e-12
3.354214475614902824e-12
3.354178913783645299e-12
3.354142918271518781e-12
3.354106922759392262e-12
3.354070059885527755e-12
3.354033197011663248e-12
3.353996117297364243e-12
3.353958820742630742e-12
3.353920873666593749e-12
3.353882709750122260e-12
3.353844545833650770e-12
3.353805514555441292e-12
3.353766483277231814e-12
3.353726584637284347e-12
3.353687119678205875e-12
3.353646787357389414e-12
3.353606671877007450e-12
3.353565472194453001e-12
3.353523621990595061e-12
3.353482205467606114e-12
3.353440788944617168e-12
3.353398288219455736e-12
3.353355353813425310e-12
3.353312419407394884e-12
3.353269051320495464e-12
3.353225683233596044e-12
3.353181447784958635e-12
3.353136995495886730e-12
3.353092109525945830e-12
3.353047006715570433e-12
3.353000819703022550e-12
3.352955283211778159e-12
3.352909529880099271e-12
3.352862692346247897e-12
3.352815421131527529e-12
3.352768149916807161e-12
3.352721312382955787e-12
3.352672740125628437e-12
3.352624384708735583e-12
3.352575595610973735e-12
3.352526155991908396e-12
3.352477150053712052e-12
3.352427276753777718e-12
3.352376969772974391e-12
3.352326662792171064e-12
3.352275271609195251e-12
3.352223880426219438e-12
3.352171838721940134e-12
3.352120447538964321e-12
3.352067972153816022e-12
3.352015279928233227e-12
3.351961937181346940e-12
3.351908377594026156e-12
3.351854384325836378e-12
3.351800607898081097e-12
3.351745964108587827e-12
3.351690886638225564e-12
3.351635592327428803e-12
3.351579864335763048e-12
3.351523919503662796e-12
3.351467540990693550e-12
3.351411162477724304e-12
3.351353482922148075e-12
3.351296453887875337e-12
3.351238557491864611e-12
3.351180010574550394e-12
3.351121463657236177e-12
3.351063133580356457e-12
3.351003502460869754e-12
3.350943871341383051e-12
3.350884023381461851e-12
3.350823958581106154e-12
3.350763026419012469e-12
3.350701660576049790e-12
3.350640077892652613e-12
3.350578061528386442e-12
3.350515611483251277e-12
3.350453595118985106e-12
3.350390277712111953e-12
3.350327177145673296e-12
3.350263642898365646e-12
3.350199241289320007e-12
3.350135056520708865e-12
3.350070221230794232e-12
3.350004952260010604e-12
3.349939249608357983e-12
3.349873546956705361e-12
3.349806976943314751e-12
3.349740623770358638e-12
3.349673403235664537e-12
3.349605749020101442e-12
3.349537661123669352e-12
3.349470006908106257e-12
3.349401268490370676e-12
3.349332746913069592e-12
3.349263141133596022e-12
3.349193318513687956e-12
3.349123712734214386e-12
3.349053239593002829e-12
3.348982766451791271e-12
3.348910992267972730e-12
3.348839434924588687e-12
3.348767877581204644e-12
3.348695452876082612e-12
3.348623028170960580e-12
3.348550169784969555e-12
3.348476660877675037e-12
3.348402718289511526e-12
3.348329426222651506e-12
3.348254833113184503e-12
3.348179589482414009e-12
3.348104779532512509e-12
3.348029102220873021e-12
3.347953424909233533e-12
3.347877097076290553e-12
3.347800335562478580e-12
3.347723574048666606e-12
3.347646162013551141e-12
3.347568533138001179e-12
3.347490687422016720e-12
3.347412191184728769e-12
3.347333694947440819e-12
3.347254114507980383e-12
3.347174967749388941e-12
3.347094736788625013e-12
3.347014939508730080e-12
3.346933841186228165e-12
3.346853610225464237e-12
3.346772511902962322e-12
3.346690546218722417e-12
3.346608146853613519e-12
3.346526181169373615e-12
3.346443564963830219e-12
3.346360948758286824e-12
3.346277248350570943e-12
3.346193981623724056e-12
3.346109847535139181e-12
3.346025279765685312e-12
3.345940711996231443e-12
3.345855710545908579e-12
3.345770275414716721e-12
3.345684406602655869e-12
3.345598537790595017e-12
3.345512235297665171e-12
3.345425282283431834e-12
3.345338329269198496e-12
3.345250508893227170e-12
3.345162905357690342e-12
3.345075084981719016e-12
3.344986180403575204e-12
3.344897492665865890e-12
3.344808804928156576e-12
3.344719032988274776e-12
3.344629261048392976e-12
