5.125780589878559113e-03
5.125786177814006805e-03
5.125791765749454498e-03
5.125797819346189499e-03
5.125802010297775269e-03
5.125807132571935654e-03
5.125812720507383347e-03
5.125815048813819885e-03
5.125819705426692963e-03
5.125824362039566040e-03
5.125829018652439117e-03
5.125831346958875656e-03
5.125834606587886810e-03
5.125839263200759888e-03
5.125842988491058350e-03
5.125847179442644119e-03
5.125848576426506042e-03
5.125852301716804504e-03
5.125855095684528351e-03
5.125858820974826813e-03
5.125862546265125275e-03
5.125864408910274506e-03
5.125867202877998352e-03
5.125870462507009506e-03
5.125873722136020660e-03
5.125876981765031815e-03
5.125880241394042969e-03
5.125881172716617584e-03
5.125883966684341431e-03
5.125886760652065277e-03
5.125889088958501816e-03
5.125892348587512970e-03
5.125895142555236816e-03
5.125896539539098740e-03
5.125898867845535278e-03
5.125901661813259125e-03
5.125904455780982971e-03
5.125907249748706818e-03
5.125910509377717972e-03
5.125911906361579895e-03
5.125913303345441818e-03
5.125916097313165665e-03
5.125918425619602203e-03
5.125920753926038742e-03
5.125923082232475281e-03
5.125925876200199127e-03
5.125927273184061050e-03
5.125928670167922974e-03
5.125931464135646820e-03
5.125933792442083359e-03
5.125936120748519897e-03
5.125937983393669128e-03
5.125940777361392975e-03
5.125943105667829514e-03
5.125944502651691437e-03
5.125946365296840668e-03
5.125948693603277206e-03
5.125951021909713745e-03
5.125952884554862976e-03
5.125954747200012207e-03
5.125957541167736053e-03
5.125958938151597977e-03
5.125959869474172592e-03
5.125962197780609131e-03
5.125964060425758362e-03
5.125966854393482208e-03
5.125968717038631439e-03
5.125971045345067978e-03
5.125973373651504517e-03
5.125975236296653748e-03
5.125976167619228363e-03
5.125978030264377594e-03
5.125980358570814133e-03
5.125982686877250671e-03
5.125984083861112595e-03
5.125986412167549133e-03
5.125988274812698364e-03
5.125989671796560287e-03
5.125991068780422211e-03
5.125992931425571442e-03
5.125994794070720673e-03
5.125996656715869904e-03
5.125998985022306442e-03
5.126001313328742981e-03
5.126003175973892212e-03
5.126004572957754135e-03
5.126005969941616058e-03
5.126007832586765289e-03
5.126009695231914520e-03
5.126011557877063751e-03
5.126013420522212982e-03
5.126014817506074905e-03
5.126016680151224136e-03
5.126018077135086060e-03
5.126019474118947983e-03
5.126020871102809906e-03
5.126022733747959137e-03
5.126024596393108368e-03
5.126026459038257599e-03
5.126028321683406830e-03
5.126030184328556061e-03
5.126031581312417984e-03
5.126032978296279907e-03
5.126034375280141830e-03
5.126035772264003754e-03
5.126037634909152985e-03
5.126038566231727600e-03
5.126040428876876831e-03
5.126041825860738754e-03
5.126043222844600677e-03
5.126044154167175293e-03
5.126046016812324524e-03
5.126047879457473755e-03
5.126048810780048370e-03
5.126050673425197601e-03
5.126052070409059525e-03
5.126053001731634140e-03
5.126054398715496063e-03
5.126055330038070679e-03
5.126056727021932602e-03
5.126058124005794525e-03
5.126059520989656448e-03
5.126060917973518372e-03
5.126061849296092987e-03
5.126062780618667603e-03
5.126063711941242218e-03
5.126065108925104141e-03
5.126066505908966064e-03
5.126067437231540680e-03
5.126068834215402603e-03
5.126069299876689911e-03
5.126070231199264526e-03
5.126071162521839142e-03
5.126072093844413757e-03
5.126073025166988373e-03
5.126073956489562988e-03
5.126074887812137604e-03
5.126075353473424911e-03
5.126075819134712219e-03
5.126076750457286835e-03
5.126077216118574142e-03
5.126077681779861450e-03
5.126078613102436066e-03
5.126079078763723373e-03
5.126079544425010681e-03
5.126080010086297989e-03
5.126080475747585297e-03
5.126080475747585297e-03
5.126081407070159912e-03
5.126081407070159912e-03
5.126081872731447220e-03
5.126082338392734528e-03
5.126082338392734528e-03
5.126081872731447220e-03
5.126082338392734528e-03
5.126082338392734528e-03
5.126082338392734528e-03
5.126081872731447220e-03
5.126081407070159912e-03
5.126081407070159912e-03
5.126081407070159912e-03
5.126081407070159912e-03
5.126080475747585297e-03
5.126080475747585297e-03
5.126079544425010681e-03
5.126079078763723373e-03
5.126078613102436066e-03
5.126077681779861450e-03
5.126076750457286835e-03
5.126076750457286835e-03
5.126075353473424911e-03
5.126074422150850296e-03
5.126073490828275681e-03
5.126072093844413757e-03
5.126071162521839142e-03
5.126070231199264526e-03
5.126069299876689911e-03
5.126067902892827988e-03
5.126066505908966064e-03
5.126065574586391449e-03
5.126063711941242218e-03
5.126062314957380295e-03
5.126060917973518372e-03
5.126059055328369141e-03
5.126057192683219910e-03
5.126055330038070679e-03
5.126053467392921448e-03
5.126051604747772217e-03
5.126049742102622986e-03
5.126047879457473755e-03
5.126046016812324524e-03
5.126043222844600677e-03
5.126041360199451447e-03
5.126039497554302216e-03
5.126036703586578369e-03
5.126034375280141830e-03
5.126032046973705292e-03
5.126029718667268753e-03
5.126026924699544907e-03
5.126024596393108368e-03
5.126021802425384521e-03
5.126019474118947983e-03
5.126016680151224136e-03
5.126013886183500290e-03
5.126010626554489136e-03
5.126008298248052597e-03
5.126005504280328751e-03
5.126002244651317596e-03
5.125999916344881058e-03
5.125997122377157211e-03
5.125993862748146057e-03
5.125991068780422211e-03
5.125988274812698364e-03
5.125985480844974518e-03
5.125982686877250671e-03
5.125979427248239517e-03
5.125977098941802979e-03
5.125974304974079132e-03
5.125971045345067978e-03
5.125967785716056824e-03
5.125964991748332977e-03
5.125962197780609131e-03
5.125959869474172592e-03
5.125956609845161438e-03
5.125953815877437592e-03
5.125951021909713745e-03
5.125947762280702591e-03
5.125945433974266052e-03
5.125942174345254898e-03
5.125938914716243744e-03
5.125936120748519897e-03
5.125933326780796051e-03
5.125930532813072205e-03
5.125927738845348358e-03
5.125924479216337204e-03
5.125921685248613358e-03
5.125918425619602203e-03
5.125915631651878357e-03
5.125912837684154510e-03
5.125910043716430664e-03
5.125906784087419510e-03
5.125904455780982971e-03
5.125901196151971817e-03
5.125898402184247971e-03
5.125895608216524124e-03
5.125892348587512970e-03
5.125889554619789124e-03
5.125886760652065277e-03
5.125883966684341431e-03
5.125881172716617584e-03
5.125878378748893738e-03
5.125875119119882584e-03
5.125872325152158737e-03
5.125869065523147583e-03
5.125866271555423737e-03
5.125863477587699890e-03
5.125860217958688736e-03
5.125857423990964890e-03
5.125854630023241043e-03
5.125851370394229889e-03
5.125848576426506042e-03
5.125845316797494888e-03
5.125842522829771042e-03
5.125839263200759888e-03
5.125836003571748734e-03
5.125833209604024887e-03
5.125829949975013733e-03
5.125826690346002579e-03
5.125823896378278732e-03
5.125820636749267578e-03
5.125817377120256424e-03
5.125814117491245270e-03
5.125811323523521423e-03
5.125808063894510269e-03
5.125804804265499115e-03
5.125801544636487961e-03
5.125798285007476807e-03
5.125795025378465652e-03
5.125791765749454498e-03
5.125788971781730652e-03
5.125785246491432190e-03
5.125781986862421036e-03
5.125778727233409882e-03
5.125775001943111420e-03
5.125771742314100266e-03
5.125768482685089111e-03
5.125765223056077957e-03
5.125761963427066803e-03
5.125758238136768341e-03
5.125754512846469879e-03
5.125751718878746033e-03
5.125747993588447571e-03
5.125744268298149109e-03
5.125741008669137955e-03
5.125737749040126801e-03
5.125734023749828339e-03
5.125730298459529877e-03
5.125726573169231415e-03
5.125723313540220261e-03
5.125719588249921799e-03
5.125716328620910645e-03
5.125712603330612183e-03
5.125708878040313721e-03
5.125705152750015259e-03
5.125701427459716797e-03
5.125697702169418335e-03
5.125694908201694489e-03
5.125690251588821411e-03
5.125687457621097565e-03
5.125683732330799103e-03
5.125680007040500641e-03
5.125676281750202179e-03
5.125672556459903717e-03
5.125668831169605255e-03
5.125665105879306793e-03
5.125661380589008331e-03
5.125658586621284485e-03
5.125654395669698715e-03
5.125651136040687561e-03
5.125647410750389099e-03
5.125643685460090637e-03
5.125640425831079483e-03
5.125636700540781021e-03
5.125633440911769867e-03
5.125629715621471405e-03
5.125625990331172943e-03
5.125622730702161789e-03
5.125619471073150635e-03
5.125615745782852173e-03
5.125612020492553711e-03
5.125608760863542557e-03
5.125605501234531403e-03
5.125601775944232941e-03
5.125598050653934479e-03
5.125594325363636017e-03
5.125591531395912170e-03
5.125587806105613708e-03
5.125584546476602554e-03
5.125581286847591400e-03
5.125577561557292938e-03
5.125573836266994476e-03
5.125570110976696014e-03
5.125566851347684860e-03
5.125562660396099091e-03
5.125559400767087936e-03
5.125556141138076782e-03
5.125552415847778320e-03
5.125548224896192551e-03
5.125544499605894089e-03
5.125541239976882935e-03
5.125537049025297165e-03
5.125533789396286011e-03
5.125530064105987549e-03
5.125525873154401779e-03
5.125521682202816010e-03
5.125518422573804855e-03
5.125514697283506393e-03
5.125510506331920624e-03
5.125506781041622162e-03
5.125503521412611008e-03
5.125499796122312546e-03
5.125496070832014084e-03
5.125491879880428314e-03
5.125488154590129852e-03
5.125484894961118698e-03
5.125480704009532928e-03
5.125477444380521774e-03
5.125473253428936005e-03
5.125469528138637543e-03
5.125465802848339081e-03
5.125462543219327927e-03
5.125458352267742157e-03
5.125454626977443695e-03
5.125450901687145233e-03
5.125447176396846771e-03
5.125443451106548309e-03
5.125439260154962540e-03
5.125435534864664078e-03
5.125431343913078308e-03
5.125427152961492538e-03
5.125423427671194077e-03
5.125419702380895615e-03
5.125415511429309845e-03
5.125411786139011383e-03
5.125407129526138306e-03
5.125403404235839844e-03
5.125398747622966766e-03
5.125394556671380997e-03
5.125390365719795227e-03
5.125385709106922150e-03
5.125381052494049072e-03
5.125376395881175995e-03
5.125372204929590225e-03
5.125367548316717148e-03
5.125362891703844070e-03
5.125358235090970993e-03
5.125353112816810608e-03
5.125348456203937531e-03
5.125343799591064453e-03
5.125338677316904068e-03
5.125333555042743683e-03
5.125328432768583298e-03
5.125323776155710220e-03
5.125318188220262527e-03
5.125312600284814835e-03
5.125307478010654449e-03
5.125302355736494064e-03
5.125297233462333679e-03
5.125291645526885986e-03
5.125286057591438293e-03
5.125280935317277908e-03
5.125274881720542908e-03
5.125269293785095215e-03
5.125264171510934830e-03
5.125257652252912521e-03
5.125252529978752136e-03
5.125246476382017136e-03
5.125240888446569443e-03
5.125234834849834442e-03
5.125229246914386749e-03
5.125222727656364441e-03
5.125217139720916748e-03
5.125211551785469055e-03
5.125205963850021362e-03
5.125199444591999054e-03
5.125192925333976746e-03
5.125186871737241745e-03
5.125180818140506744e-03
5.125174298882484436e-03
5.125167779624462128e-03
5.125161260366439819e-03
5.125154741108417511e-03
5.125148221850395203e-03
5.125141702592372894e-03
5.125134252011775970e-03
5.125128198415040970e-03
5.125121213495731354e-03
5.125114694237709045e-03
5.125107243657112122e-03
5.125100724399089813e-03
5.125094205141067505e-03
5.125086754560470581e-03
5.125080700963735580e-03
5.125073250383138657e-03
5.125066265463829041e-03
5.125059280544519424e-03
5.125052295625209808e-03
5.125045776367187500e-03
5.125038325786590576e-03
5.125031806528568268e-03
5.125024355947971344e-03
5.125017836689949036e-03
5.125010386109352112e-03
5.125003866851329803e-03
5.124997347593307495e-03
5.124990362673997879e-03
5.124983377754688263e-03
5.124975927174091339e-03
5.124969407916069031e-03
5.124962422996759415e-03
5.124955438077449799e-03
5.124948918819427490e-03
5.124941933900117874e-03
5.124935414642095566e-03
5.124928895384073257e-03
5.124921910464763641e-03
5.124914925545454025e-03
5.124907940626144409e-03
5.124900955706834793e-03
5.124893970787525177e-03
5.124886985868215561e-03
5.124880000948905945e-03
5.124873481690883636e-03
5.124865565448999405e-03
5.124859046190977097e-03
5.124852061271667480e-03
5.124844610691070557e-03
5.124838091433048248e-03
5.124830640852451324e-03
5.124823655933141708e-03
5.124816671013832092e-03
5.124809220433235168e-03
5.124802235513925552e-03
5.124795250594615936e-03
5.124788265675306320e-03
5.124780815094709396e-03
5.124773830175399780e-03
5.124766845256090164e-03
5.124759860336780548e-03
5.124753341078758240e-03
5.124745890498161316e-03
5.124738439917564392e-03
5.124731920659542084e-03
5.124724470078945160e-03
5.124717950820922852e-03
5.124710500240325928e-03
5.124703515321016312e-03
5.124696996062994003e-03
5.124690011143684387e-03
5.124682560563087463e-03
