1.013238451474940405e-11
9.080106458392300794e-12
8.487412161972684999e-12
8.095690784415410235e-12
7.809304418404661163e-12
7.578603543334505588e-12
7.378856206607942170e-12
7.200594287493089496e-12
7.039227707672512935e-12
6.891311306322922547e-12
6.754468078601361114e-12
6.627308944684440206e-12
6.508828632317831264e-12
6.398034445992406560e-12
6.293906368304291732e-12
6.195550149301620735e-12
6.102283608977465690e-12
6.013629698375932975e-12
5.929210247779259646e-12
5.848624969745364055e-12
5.771400718446173528e-12
5.697003199051087208e-12
5.624923270219905902e-12
5.554761511872285951e-12
5.486285037381577467e-12
5.419408845297457589e-12
5.354158089110327978e-12
5.290614734504428540e-12
5.228871589185724034e-12
5.169000644178467496e-12
5.111043966526951365e-12
5.054996352060747711e-12
5.000812264288612141e-12
4.948409303845435758e-12
4.897689458854825872e-12
