1.286135911941528320e-01
1.207902282476425171e-01
1.151284649968147278e-01
1.108609959483146667e-01
1.075493171811103821e-01
1.049543395638465881e-01
1.029089987277984619e-01
1.012903526425361633e-01
1.000026240944862366e-01
9.897114336490631104e-02
9.814126789569854736e-02
9.747450053691864014e-02
9.694366902112960815e-02
9.652995318174362183e-02
9.621957689523696899e-02
9.600049257278442383e-02
9.585962444543838501e-02
9.578151255846023560e-02
9.574816375970840454e-02
9.574006497859954834e-02
9.573826938867568970e-02
9.572676569223403931e-02
9.569459408521652222e-02
9.563695639371871948e-02
9.555505216121673584e-02
9.545470774173736572e-02
9.534446895122528076e-02
9.523365646600723267e-02
9.513071179389953613e-02
9.504225105047225952e-02
9.497233480215072632e-02
9.492231905460357666e-02
9.489101171493530273e-02
9.487526118755340576e-02
9.487071633338928223e-02
