1.601007021963596344e-02
1.601012423634529114e-02
1.601018197834491730e-02
1.601024530827999115e-02
1.601031236350536346e-02
1.601038873195648193e-02
1.601047441363334656e-02
1.601056568324565887e-02
1.601066626608371735e-02
1.601077429950237274e-02
1.601089164614677429e-02
1.601101458072662354e-02
1.601114496588706970e-02
1.601128093898296356e-02
1.601142250001430511e-02
1.601156592369079590e-02
1.601171121001243591e-02
1.601186022162437439e-02
1.601200923323631287e-02
1.601215265691280365e-02
1.601229608058929443e-02
1.601242646574974060e-02
1.601255312561988831e-02
1.601266674697399139e-02
1.601276732981204987e-02
1.601285301148891449e-02
1.601292565464973450e-02
1.601297780871391296e-02
1.601301319897174835e-02
1.601302437484264374e-02
1.601301133632659912e-02
1.601297035813331604e-02
1.601289771497249603e-02
1.601278968155384064e-02
1.601264066994190216e-02
1.601244881749153137e-02
1.601220853626728058e-02
1.601191982626914978e-02
1.601158082485198975e-02
1.601118594408035278e-02
1.601074077188968658e-02
1.601023785769939423e-02
1.600968092679977417e-02
1.600906252861022949e-02
1.600838825106620789e-02
1.600765436887741089e-02
1.600685901939868927e-02
1.600600033998489380e-02
1.600507646799087524e-02
1.600408740341663361e-02
1.600303128361701965e-02
1.600189879536628723e-02
1.600069180130958557e-02
1.599940285086631775e-02
1.599802449345588684e-02
1.599655300378799438e-02
1.599498838186264038e-02
1.599332131445407867e-02
1.599155180156230927e-02
1.598968170583248138e-02
1.598770916461944580e-02
1.598563417792320251e-02
1.598345860838890076e-02
1.598118059337139130e-02
1.597879640758037567e-02
1.597630046308040619e-02
1.597368158400058746e-02
1.597093045711517334e-02
1.596803590655326843e-02
1.596499234437942505e-02
1.596179045736789703e-02
1.595843024551868439e-02
1.595491357147693634e-02
1.595125161111354828e-02
1.594744995236396790e-02
1.594351790845394135e-02
1.593946106731891632e-02
1.593528874218463898e-02
1.593101024627685547e-02
1.592663861811161041e-02
1.592218503355979919e-02
1.591767370700836182e-02
1.591313257813453674e-02
1.590859889984130859e-02
1.590410061180591583e-02
1.589966565370559692e-02
1.589532755315303802e-02
1.589110866189002991e-02
1.588704809546470642e-02
1.588319055736064911e-02
1.587956771254539490e-02
1.587619632482528687e-02
1.587307080626487732e-02
1.587022095918655396e-02
1.586771756410598755e-02
1.586574129760265350e-02
1.586450636386871338e-02
1.586435921490192413e-02
1.586557552218437195e-02
1.586852595210075378e-02
1.587329618632793427e-02
1.588041521608829498e-02
1.588987186551094055e-02
1.590260118246078491e-02
1.591889746487140656e-02
1.593979820609092712e-02
1.596626639366149902e-02
1.599906571209430695e-02
1.603974774479866028e-02
1.608854159712791443e-02
1.614649780094623566e-02
1.621411368250846863e-02
1.629061251878738403e-02
1.637556776404380798e-02
1.646729372441768646e-02
1.656359061598777771e-02
1.666414365172386169e-02
1.676920615136623383e-02
1.687885448336601257e-02
1.699559949338436127e-02
1.711685769259929657e-02
1.724378019571304321e-02
1.737492159008979797e-02
1.751122996211051941e-02
1.765532232820987701e-02
1.780648902058601379e-02
1.796306669712066650e-02
1.812497153878211975e-02
1.829255372285842896e-02
1.845502108335494995e-02
1.859601587057113647e-02
1.874336414039134979e-02
1.894456148147583008e-02
1.916133798658847809e-02
1.933774352073669434e-02
1.947840489447116852e-02
1.966414973139762878e-02
1.999224163591861725e-02
2.044185996055603027e-02
2.088986709713935852e-02
2.127596177160739899e-02
2.170374989509582520e-02
2.222068794071674347e-02
2.278333716094493866e-02
2.351860143244266510e-02
2.439556643366813660e-02
2.521976083517074585e-02
2.588235586881637573e-02
2.626685425639152527e-02
2.645193226635456085e-02
