6.892221168786072383e-12
6.892202954189574626e-12
6.892181270146124916e-12
6.892157851379199229e-12
6.892128361080107624e-12
6.892091064525374122e-12
6.892047696438474702e-12
6.891995221053326404e-12
6.891929735242108279e-12
6.891853841090034294e-12
6.891763201788414506e-12
6.891656516294641932e-12
6.891532483566109590e-12
6.891390236241079492e-12
6.891225003829992701e-12
6.891035918971111229e-12
6.890819512217483123e-12
6.890573181483894416e-12
6.890296493089476115e-12
6.889982074459455319e-12
6.889629925593832027e-12
6.889235709683916298e-12
6.888796824644494166e-12
6.888309367347744683e-12
6.887772036751060867e-12
6.887180496045752776e-12
6.886533444189213427e-12
6.885828712777097849e-12
6.885062832362454088e-12
6.884237103987889128e-12
6.883347190844713026e-12
6.882394393975532765e-12
6.881379147061217338e-12
6.880297546973945799e-12
6.879151328437194124e-12
6.877937455684879353e-12
6.876653760312656516e-12
6.875298073916180641e-12
6.873869529133713741e-12
6.872368125965255814e-12
6.870794731772544850e-12
6.869146744470366883e-12
6.867424164058721914e-12
6.865624822133264971e-12
6.863746983970520077e-12
6.861792384293963210e-12
6.859760155741856380e-12
6.857650298314199588e-12
6.855463245691861829e-12
6.853196829470498130e-12
6.850854085416191452e-12
6.848432411443727830e-12
6.845930072829631285e-12
6.843347069573901820e-12
6.840680365910456473e-12
6.837929528158426251e-12
6.835093255275204172e-12
6.832168077813838281e-12
6.829154429455197572e-12
6.826047539709723111e-12
6.822843939130462942e-12
6.819543194036548073e-12
6.816139666576681577e-12
6.812632923069994462e-12
6.809018626707796784e-12
6.805293741724005585e-12
6.801453497629061928e-12
6.797494858656882855e-12
6.793408717509219485e-12
6.789192038419988862e-12
6.784834846729204116e-12
6.780328902500354360e-12
6.775663797392583731e-12
6.770828689384167376e-12
6.765813170134249432e-12
6.760606831301974040e-12
6.755197096142140367e-12
6.749573122633023559e-12
6.743724936114636748e-12
6.737641260884386085e-12
6.731309086516201745e-12
6.724715402584013901e-12
6.717853270193918647e-12
6.710707510515501184e-12
6.703267281527036658e-12
6.695516537036372284e-12
6.687440098213093265e-12
6.679018449418094860e-12
6.670225136118368425e-12
6.661034137461774307e-12
6.651411192659661964e-12
6.641313800986869964e-12
6.630691655462594980e-12
6.619487076531260783e-12
6.607640216232946173e-12
6.595099900225109835e-12
6.581826229867804301e-12
6.567787112776724001e-12
6.552955660737991295e-12
6.537287638302968773e-12
6.520736207937805062e-12
6.503263205726028673e-12
6.484852585475486819e-12
6.465478326334039849e-12
6.445117443215631070e-12
6.423730471161182010e-12
6.401308302872443790e-12
6.377849637306809427e-12
6.353357076549492888e-12
6.327838860537005061e-12
6.301283279885883104e-12
6.273693804043078970e-12
6.245065228838164728e-12
6.215400590037223338e-12
6.184761470323651977e-12
6.153206416614764862e-12
6.120815659871325920e-12
6.087713666502736487e-12
6.054102531793947861e-12
6.020018684937955555e-12
5.985650343431903053e-12
5.950926383613275306e-12
5.916004665318386202e-12
5.880828376353397502e-12
5.845424838613055840e-12
5.810088521407408280e-12
5.775244431988069138e-12
5.741440309292578092e-12
5.708995776121383869e-12
5.677470646392457354e-12
5.645920363173129175e-12
5.614493245320595349e-12
5.583668943875963464e-12
5.551127266190114540e-12
5.517916852604276556e-12
5.484582839970775225e-12
5.450355878428014833e-12
5.416459381707428022e-12
5.381087936351391932e-12
5.345418985919225818e-12
5.309650288887191039e-12
5.273365511621053159e-12
5.236390314411476510e-12
5.197878585883053404e-12
5.158158188772743458e-12
5.118018855942985113e-12
5.080903579812723336e-12
5.050307394505182401e-12
5.023517192503934581e-12
4.996984163258000322e-12
