5.125792697072029114e-03
5.125799216330051422e-03
5.125806201249361038e-03
5.125813186168670654e-03
5.125819705426692963e-03
5.125827156007289886e-03
5.125834606587886810e-03
5.125842522829771042e-03
5.125849973410367966e-03
5.125857423990964890e-03
5.125864874571561813e-03
5.125871859490871429e-03
5.125876981765031815e-03
5.125881638377904892e-03
5.125884432345628738e-03
5.125884898006916046e-03
5.125882104039192200e-03
5.125876981765031815e-03
5.125867202877998352e-03
5.125852301716804504e-03
5.125831812620162964e-03
5.125804804265499115e-03
5.125770345330238342e-03
5.125725641846656799e-03
5.125670693814754486e-03
5.125605501234531403e-03
5.125527735799551010e-03
5.125436000525951385e-03
5.125330761075019836e-03
5.125211551785469055e-03
5.125077441334724426e-03
5.124927964061498642e-03
5.124763585627079010e-03
5.124581977725028992e-03
5.124384537339210510e-03
5.124169401824474335e-03
5.123936571180820465e-03
5.123685579746961594e-03
5.123415030539035797e-03
5.123124457895755768e-03
5.122811999171972275e-03
5.122477654367685318e-03
5.122119560837745667e-03
5.121736787259578705e-03
5.121327936649322510e-03
5.120892543345689774e-03
5.120429676026105881e-03
5.119938869029283524e-03
5.119419656693935394e-03
5.118872039020061493e-03
5.118294619023799896e-03
5.117686465382575989e-03
5.117048043757677078e-03
5.116379354149103165e-03
5.115680396556854248e-03
5.114951636642217636e-03
5.114192608743906021e-03
5.113403312861919403e-03
5.112583748996257782e-03
5.111732520163059235e-03
5.110848695039749146e-03
5.109934136271476746e-03
5.108988378196954727e-03
5.108013283461332321e-03
5.107008852064609528e-03
5.105976946651935577e-03
5.104920826852321625e-03
5.103842355310916901e-03
5.102744325995445251e-03
5.101627670228481293e-03
5.100493784993886948e-03
5.099345464259386063e-03
5.098183639347553253e-03
5.097010172903537750e-03
5.095826461911201477e-03
5.094633437693119049e-03
5.093432962894439697e-03
5.092223640531301498e-03
5.091005936264991760e-03
5.089779384434223175e-03
5.088543519377708435e-03
5.087295547127723694e-03
5.086035467684268951e-03
5.084762349724769592e-03
5.083478987216949463e-03
5.082190968096256256e-03
5.080903880298137665e-03
5.079626571387052536e-03
5.078370682895183563e-03
5.077151581645011902e-03
5.075985565781593323e-03
5.074885208159685135e-03
5.073859356343746185e-03
5.072915926575660706e-03
5.072058178484439850e-03
5.071284715086221695e-03
5.070582032203674316e-03
5.069920327514410019e-03
5.069234874099493027e-03
5.068428814411163330e-03
5.067398771643638611e-03
5.066109821200370789e-03
5.064688622951507568e-03
5.063476506620645523e-03
5.062943324446678162e-03
5.063502583652734756e-03
5.065414588898420334e-03
5.068804603070020676e-03
5.073681008070707321e-03
5.080018192529678345e-03
5.087863653898239136e-03
5.097356624901294708e-03
5.108674522489309311e-03
5.121966823935508728e-03
5.137243308126926422e-03
5.154285579919815063e-03
5.172749981284141541e-03
5.192680284380912781e-03
5.215044599026441574e-03
5.240960977971553802e-03
5.269418936222791672e-03
5.297375377267599106e-03
5.323024932295084000e-03
5.350029096007347107e-03
5.386071279644966125e-03
5.429749377071857452e-03
5.473340861499309540e-03
5.513922777026891708e-03
5.554990842938423157e-03
5.600950680673122406e-03
5.648806691169738770e-03
5.688488483428955078e-03
5.711034405976533890e-03
5.711651872843503952e-03
5.687741562724113464e-03
5.647678393870592117e-03
5.619095638394355774e-03
5.622691474854946136e-03
5.645422264933586121e-03
5.667702760547399521e-03
5.680201575160026550e-03
5.681687034666538239e-03
5.676480010151863098e-03
5.667808465659618378e-03
5.653019063174724579e-03
5.616461858153343201e-03
5.551517009735107422e-03
5.486927460879087448e-03
5.419432185590267181e-03
5.319120828062295914e-03
