3.357430219258494830e-12
3.357420678279376958e-12
3.357411137300259085e-12
3.357400078438099733e-12
3.357387935373767895e-12
3.357372756543353098e-12
3.357355626149027827e-12
3.357335026307750603e-12
3.357310957019521425e-12
3.357282334082167807e-12
3.357248940655255254e-12
3.357209909377045776e-12
3.357165240247539373e-12
3.357112981702825572e-12
3.357053567423773366e-12
3.356985479527341276e-12
3.356907633811356817e-12
3.356819596594950994e-12
3.356719416314213333e-12
3.356606008766971350e-12
3.356477422389314569e-12
3.356333874021677488e-12
3.356172327897977148e-12
3.355991916656475560e-12
3.355790471892827753e-12
3.355568210447468225e-12
3.355322963916052004e-12
3.355053214415537610e-12
3.354757444062883565e-12
3.354435002336786376e-12
3.354085021875508055e-12
3.353705767955572625e-12
3.353296806896111093e-12
3.352855753452343990e-12
3.352382173943402321e-12
3.351874767326679105e-12
3.351332666240436353e-12
3.350755003322936076e-12
3.350141995414612772e-12
3.349492124632424961e-12
3.348805390976372642e-12
3.348081360765586822e-12
3.347320250840501998e-12
3.346522278041552667e-12
3.345686575007000840e-12
3.344814442779453501e-12
3.343905013997172659e-12
3.342959156021896305e-12
3.341978169896231421e-12
3.340962922981915995e-12
3.339911897395908547e-12
3.338826177340381562e-12
3.337703811251424568e-12
3.336545449650341055e-12
3.335350875696696527e-12
3.334120739911794473e-12
3.332854825455200398e-12
3.331552481805610810e-12
3.330212841601287721e-12
3.328834603799624148e-12
3.327417985241054588e-12
3.325960600680799573e-12
3.324463100640162594e-12
3.322926135640447143e-12
3.321348838319915231e-12
3.319730991838132361e-12
3.318073029875967528e-12
3.316374735592986234e-12
3.314635458467884987e-12
3.312853897458056807e-12
3.311029835723067194e-12
3.309160888018136681e-12
3.307246837502830772e-12
3.305287901017583962e-12
3.303280609115444300e-12
3.301224744955977286e-12
3.299120091698748425e-12
3.296963179896805762e-12
3.294752491667107819e-12
3.292484340722268144e-12
3.290155040774900286e-12
3.287760255016314304e-12
3.285295212956951261e-12
3.282758396713769677e-12
3.280143517914169138e-12
3.277448408153804671e-12
3.274670899028331306e-12
3.271807304250362591e-12
3.268855672255988054e-12
3.265814268321731717e-12
3.262682008245421095e-12
3.259456940463145713e-12
3.256136896570560602e-12
3.252719274482451794e-12
3.249200821592301835e-12
3.245573948484903326e-12
3.241831499425917862e-12
3.237959596627537628e-12
3.233938724450657887e-12
3.229738958915318037e-12
3.225321919264612092e-12
3.220646622656420099e-12
3.215682928270346963e-12
3.210432570829868659e-12
3.204935448974932655e-12
3.199239484441562809e-12
3.193373517007547235e-12
3.187330174098113034e-12
3.181088855871982979e-12
3.174644574999163638e-12
3.168008390341814362e-12
3.161193529166439475e-12
3.154216688186495254e-12
3.147096081998479455e-12
3.139848190475413858e-12
3.132474097819470948e-12
3.124952336827635513e-12
3.117240840455615114e-12
3.109322261468649984e-12
3.101223271240183266e-12
3.092925655173717203e-12
3.084308849987671408e-12
3.075280915337819110e-12
3.065986700634404372e-12
3.056837335341233697e-12
3.047948178569459543e-12
3.039033868307283726e-12
3.029969287624001417e-12
3.020778072126972802e-12
3.011583604023426730e-12
3.002380895983369768e-12
2.993194234135465592e-12
2.984019064830589762e-12
2.974600600558208185e-12
2.964522507684086428e-12
2.953425047927393798e-12
2.941281766755121652e-12
2.928484928513275243e-12
2.915269805073283926e-12
2.901644636371658592e-12
2.887760343350809222e-12
2.873905323788616961e-12
2.860220957648373918e-12
2.846553938742890644e-12
2.832564478111310180e-12
2.817785284617291275e-12
2.802004288315895764e-12
2.785687479300857916e-12
2.769182019107807591e-12
2.752519132759312370e-12
