6.892239383382570139e-12
6.892231143446059249e-12
6.892219434062596406e-12
6.892210760445216522e-12
6.892204688913050603e-12
6.892194280572194742e-12
6.892187341678290835e-12
6.892183872231338881e-12
6.892175198613958997e-12
6.892167826039186096e-12
6.892163055549627160e-12
6.892157851379199229e-12
6.892150045123557334e-12
6.892143106229653426e-12
6.892138769420963484e-12
6.892137034697487508e-12
6.892130963165321589e-12
6.892122723228810699e-12
6.892117952739251763e-12
6.892116218015775786e-12
6.892110146483609867e-12
6.892105809674919925e-12
6.892098870781016018e-12
6.892094533972326076e-12
6.892091064525374122e-12
6.892087595078422169e-12
6.892083258269732227e-12
6.892078054099304296e-12
6.892071115205400389e-12
6.892067645758448435e-12
6.892065911034972459e-12
6.892062007907151511e-12
6.892057671098461569e-12
6.892052033247164644e-12
6.892046829076736714e-12
6.892043359629784760e-12
6.892041191225439789e-12
6.892037721778487835e-12
6.892033818650666888e-12
6.892026879756762980e-12
6.892022542948073038e-12
6.892018206139383096e-12
6.892015604054169131e-12
6.892013001968955166e-12
6.892009532522003212e-12
6.892004762032444276e-12
6.891999124181147351e-12
6.891994353691588415e-12
6.891990884244636462e-12
6.891989149521160485e-12
6.891984812712470543e-12
6.891981343265518589e-12
6.891977006456828647e-12
6.891970934924662728e-12
6.891967465477710775e-12
6.891964429711627815e-12
6.891961393945544856e-12
6.891957490817723908e-12
6.891952720328164972e-12
6.891946648795999053e-12
6.891942745668178105e-12
6.891938408859488163e-12
6.891935806774274198e-12
6.891932337327322244e-12
6.891928434199501297e-12
6.891921928986466384e-12
6.891917592177776442e-12
6.891912821688217505e-12
6.891909352241265552e-12
6.891906316475182592e-12
6.891902413347361644e-12
6.891898510219540697e-12
6.891891571325636789e-12
6.891887234516946847e-12
6.891882464027387911e-12
6.891879428261304952e-12
6.891874224090877021e-12
6.891870320963056074e-12
6.891863815750021161e-12
6.891859478941331218e-12
6.891854274770903288e-12
6.891849937962213346e-12
6.891847335876999381e-12
6.891841698025702456e-12
6.891835192812667543e-12
6.891829554961370619e-12
6.891823917110073694e-12
6.891820447663121740e-12
6.891814809811824816e-12
6.891810039322265879e-12
6.891804401470968955e-12
6.891797896257934042e-12
6.891793559449244100e-12
6.891788355278816169e-12
6.891782717427519245e-12
6.891777079576222320e-12
6.891771008044056401e-12
6.891765370192759477e-12
6.891758864979724564e-12
6.891752793447558645e-12
6.891747589277130714e-12
6.891742385106702784e-12
6.891735446212798877e-12
6.891729374680632958e-12
6.891723303148467039e-12
6.891717231616301120e-12
6.891711593765004196e-12
6.891704221190231294e-12
6.891697282296327387e-12
6.891690343402423480e-12
6.891683404508519573e-12
6.891677332976353654e-12
6.891669526720711758e-12
6.891663455188545839e-12
6.891655648932903944e-12
6.891648710039000036e-12
6.891641337464227135e-12
6.891633964889454234e-12
6.891625291272074350e-12
6.891618786059039437e-12
6.891610546122528547e-12
6.891602306186017657e-12
6.891594933611244755e-12
6.891586259993864871e-12
6.891578453738222976e-12
6.891568912759105103e-12
6.891561106503463208e-12
6.891551999205214329e-12
6.891543325587834445e-12
6.891534218289585567e-12
6.891525110991336689e-12
6.891515136331349822e-12
6.891505161671362956e-12
6.891496921734852066e-12
6.891487380755734193e-12
6.891476972414878333e-12
6.891466564074022472e-12
6.891456155733166611e-12
6.891446181073179744e-12
6.891435772732323883e-12
6.891424930710599028e-12
6.891414088688874173e-12
6.891403246667149318e-12
6.891392404645424463e-12
6.891380261581092626e-12
6.891369419559367770e-12
6.891356409133297944e-12
6.891345133430704095e-12
6.891333857728110246e-12
6.891321280982909414e-12
