1.600997895002365112e-02
1.601002179086208344e-02
1.601006090641021729e-02
1.601010188460350037e-02
1.601013541221618652e-02
1.601017266511917114e-02
1.601020619273185730e-02
1.601023599505424500e-02
1.601026766002178192e-02
1.601029559969902039e-02
1.601032540202140808e-02
1.601034775376319885e-02
1.601037569344043732e-02
1.601040363311767578e-02
1.601042971014976501e-02
1.601045578718185425e-02
1.601047627627849579e-02
1.601050049066543579e-02
1.601052097976207733e-02
1.601054519414901733e-02
1.601056754589080811e-02
1.601058803498744965e-02
1.601060852408409119e-02
1.601063087582588196e-02
1.601065322756767273e-02
1.601067557930946350e-02
1.601069234311580658e-02
1.601071283221244812e-02
1.601073145866394043e-02
1.601075008511543274e-02
1.601077057421207428e-02
1.601079106330871582e-02
1.601080596446990967e-02
1.601082459092140198e-02
1.601084508001804352e-02
1.601086556911468506e-02
1.601088419556617737e-02
1.601090468466281891e-02
1.601092144846916199e-02
1.601093821227550507e-02
1.601095497608184814e-02
1.601097360253334045e-02
1.601098850369453430e-02
1.601100899279117584e-02
1.601102575659751892e-02
1.601104252040386200e-02
1.601105928421020508e-02
1.601107604801654816e-02
1.601109467446804047e-02
1.601111516356468201e-02
1.601113006472587585e-02
1.601114869117736816e-02
1.601116359233856201e-02
1.601118035614490509e-02
1.601119898259639740e-02
1.601121574640274048e-02
1.601123437285423279e-02
1.601125113666057587e-02
1.601126417517662048e-02
1.601128093898296356e-02
1.601129956543445587e-02
1.601131819188594818e-02
1.601133681833744049e-02
1.601135358214378357e-02
1.601137220859527588e-02
1.601138710975646973e-02
1.601140573620796204e-02
1.601142250001430511e-02
1.601143926382064819e-02
1.601145789027214050e-02
1.601147279143333435e-02
1.601149141788482666e-02
1.601150631904602051e-02
1.601152494549751282e-02
1.601154357194900513e-02
1.601156219840049744e-02
1.601158082485198975e-02
1.601159945130348206e-02
1.601161435246467590e-02
1.601163297891616821e-02
1.601164974272251129e-02
1.601166836917400360e-02
1.601168513298034668e-02
1.601170375943183899e-02
1.601171866059303284e-02
1.601173728704452515e-02
1.601175777614116669e-02
1.601177640259265900e-02
1.601179689168930054e-02
1.601181551814079285e-02
1.601183041930198669e-02
1.601185090839862823e-02
1.601186767220497131e-02
1.601188629865646362e-02
1.601190492510795593e-02
1.601192355155944824e-02
1.601194217801094055e-02
1.601196080446243286e-02
1.601197943091392517e-02
1.601199805736541748e-02
1.601201668381690979e-02
1.601203531026840210e-02
1.601205393671989441e-02
1.601207256317138672e-02
1.601209305226802826e-02
1.601211167871952057e-02
1.601213030517101288e-02
1.601215079426765442e-02
1.601216942071914673e-02
1.601218804717063904e-02
1.601220667362213135e-02
1.601222716271877289e-02
1.601224765181541443e-02
1.601226627826690674e-02
1.601228676736354828e-02
1.601230539381504059e-02
1.601232588291168213e-02
1.601234450936317444e-02
1.601236499845981598e-02
1.601238548755645752e-02
1.601240597665309906e-02
1.601242646574974060e-02
1.601244509220123291e-02
1.601246744394302368e-02
1.601248607039451599e-02
1.601250655949115753e-02
1.601252704858779907e-02
1.601254753768444061e-02
1.601256988942623138e-02
1.601259037852287292e-02
1.601261086761951447e-02
1.601263135671615601e-02
1.601264998316764832e-02
1.601267233490943909e-02
1.601269468665122986e-02
1.601271517574787140e-02
1.601273566484451294e-02
1.601275801658630371e-02
1.601278036832809448e-02
1.601279899477958679e-02
1.601282320916652679e-02
1.601284369826316833e-02
1.601286232471466064e-02
1.601288653910160065e-02
1.601290702819824219e-02
1.601292937994003296e-02
1.601295173168182373e-02
1.601297408342361450e-02
1.601299457252025604e-02
1.601301506161689758e-02
