1.323654800653457642e-01
1.318141072988510132e-01
1.313134133815765381e-01
1.308508217334747314e-01
1.304189264774322510e-01
1.300127059221267700e-01
1.296282708644866943e-01
1.292626708745956421e-01
1.289134621620178223e-01
1.285787224769592285e-01
1.282568573951721191e-01
1.279465109109878540e-01
1.276465952396392822e-01
1.273560822010040283e-01
1.270741820335388184e-01
1.268001496791839600e-01
1.265333741903305054e-01
1.262732744216918945e-01
1.260194033384323120e-01
1.257713288068771362e-01
1.255286335945129395e-01
1.252910196781158447e-01
1.250581741333007812e-01
1.248297840356826782e-01
1.246056184172630310e-01
1.243854537606239319e-01
1.241690665483474731e-01
1.239562630653381348e-01
1.237468644976615906e-01
1.235407218337059021e-01
1.233376786112785339e-01
1.231375709176063538e-01
1.229402944445610046e-01
1.227457076311111450e-01
1.225537210702896118e-01
