1.045477853595100370e-11
1.037260728697919632e-11
1.029843398059338000e-11
1.023047965786894054e-11
1.016753868599007404e-11
1.010874890738922005e-11
1.005347020910374312e-11
1.000120992966646583e-11
9.951588164636149259e-12
9.904287459616689659e-12
9.859052810257118438e-12
9.815679519187270330e-12
9.773985440442167771e-12
9.733824857249828710e-12
9.695060726455650979e-12
9.657583760480648039e-12
9.621296814810165188e-12
9.586107949099975656e-12
9.551942570240612440e-12
9.518732156654774457e-12
9.486412523573850564e-12
9.454930761931823469e-12
9.424235697386151855e-12
9.394280492402984351e-12
9.365024380980635499e-12
9.336428331840895822e-12
9.308455048429031820e-12
9.281077642531165850e-12
9.254264889124730331e-12
9.227984695825419692e-12
9.202218848036736176e-12
9.176938722821326166e-12
9.152126105582691906e-12
9.127756710192169720e-12
9.103813189414999840e-12
