1.794791035354137421e-02
1.835073344409465790e-02
1.942367479205131531e-02
2.080335095524787903e-02
2.233984321355819702e-02
2.392388321459293365e-02
2.546741999685764313e-02
2.681884542107582092e-02
2.787710912525653839e-02
2.875700220465660095e-02
2.961531095206737518e-02
3.042159974575042725e-02
3.111538477241992950e-02
3.176173567771911621e-02
3.240421041846275330e-02
3.298296034336090088e-02
3.353352099657058716e-02
3.411381319165229797e-02
3.460792079567909241e-02
3.501976281404495239e-02
3.544319048523902893e-02
3.583560138940811157e-02
3.620585054159164429e-02
3.663440048694610596e-02
3.698199242353439331e-02
3.734873607754707336e-02
3.769303485751152039e-02
3.808015212416648865e-02
3.840314224362373352e-02
3.874674439430236816e-02
3.896599262952804565e-02
3.918280452489852905e-02
3.936978057026863098e-02
3.960546478629112244e-02
3.989954292774200439e-02
