5.038258153945207596e-03
5.636567715555429459e-03
6.475527770817279816e-03
7.327043917030096054e-03
8.091392926871776581e-03
8.746248669922351837e-03
9.309478104114532471e-03
9.792680852115154266e-03
1.019278820604085922e-02
1.049722824245691299e-02
1.070606894791126251e-02
1.083428040146827698e-02
1.090552657842636108e-02
1.092587597668170929e-02
1.090161968022584915e-02
1.084924954921007156e-02
1.084578130394220352e-02
1.088040973991155624e-02
1.088304445147514343e-02
1.090848818421363831e-02
1.095086708664894104e-02
1.094500999897718430e-02
1.095965970307588577e-02
1.091411802917718887e-02
1.084653101861476898e-02
1.078044809401035309e-02
1.072483230382204056e-02
1.068359054625034332e-02
1.065568160265684128e-02
1.063814572989940643e-02
1.063030399382114410e-02
1.063553616404533386e-02
1.065701246261596680e-02
1.069115381687879562e-02
1.072961091995239258e-02
