1.165144424885511398e-02
1.207784004509449005e-02
1.293184328824281693e-02
1.397824101150035858e-02
1.517611648887395859e-02
1.645541377365589142e-02
1.770536787807941437e-02
1.877366378903388977e-02
1.978104375302791595e-02
2.068701200187206268e-02
2.112543582916259766e-02
2.155299857258796692e-02
2.185209468007087708e-02
2.211565338075160980e-02
2.232152596116065979e-02
2.241547219455242157e-02
2.242113277316093445e-02
2.235235832631587982e-02
2.221945300698280334e-02
2.209042012691497803e-02
2.185003645718097687e-02
2.165764570236206055e-02
2.151282504200935364e-02
2.139149978756904602e-02
2.126495726406574249e-02
2.111163176596164703e-02
2.097385190427303314e-02
2.083547785878181458e-02
2.069200389087200165e-02
2.057949639856815338e-02
2.046716772019863129e-02
2.040039561688899994e-02
2.035497874021530151e-02
2.031123824417591095e-02
2.026391215622425079e-02
