5.968032870441675186e-03
5.575322546064853668e-03
3.640181152150034904e-03
1.973562873899936676e-03
2.813155995681881905e-03
2.568111987784504890e-03
1.746112713590264320e-03
1.513536204583942890e-03
1.500144600868225098e-03
1.171402982436120510e-03
1.205094740726053715e-03
1.056023291312158108e-03
1.030553015880286694e-03
1.004715217277407646e-03
1.014577341265976429e-03
1.147127361036837101e-03
1.210131216794252396e-03
1.272991066798567772e-03
1.494242809712886810e-03
1.620062859728932381e-03
1.757885329425334930e-03
2.056034747511148453e-03
2.429385436698794365e-03
2.805227413773536682e-03
2.924684435129165649e-03
3.132535144686698914e-03
3.404606133699417114e-03
3.468449460342526436e-03
3.764046356081962585e-03
3.879214171320199966e-03
3.927648533135652542e-03
4.043982829898595810e-03
4.691670183092355728e-03
4.772779997438192368e-03
4.619968123733997345e-03
