1.239723712205886841e-02
1.223100908100605011e-02
1.211779471486806870e-02
9.192759171128273010e-03
5.836230237036943436e-03
4.981829784810543060e-03
3.565313294529914856e-03
3.395349718630313873e-03
3.626136807724833488e-03
3.169097471982240677e-03
2.786327619105577469e-03
2.444561338052153587e-03
2.105994382873177528e-03
2.225497504696249962e-03
2.227207180112600327e-03
2.273482037708163261e-03
2.147017745301127434e-03
1.828232081606984138e-03
1.628274912945926189e-03
1.691486220806837082e-03
1.680800691246986389e-03
1.720759901218116283e-03
1.787710818462073803e-03
1.767141628079116344e-03
1.730083022266626358e-03
1.821291283704340458e-03
1.677925116382539272e-03
1.684458577074110508e-03
1.777394441887736320e-03
1.783679705113172531e-03
1.771137816831469536e-03
1.840686541981995106e-03
1.939673209562897682e-03
1.980785978958010674e-03
1.957419328391551971e-03
