1.797984540462493896e-02
1.795884035527706146e-02
1.752174645662307739e-02
1.678710989654064178e-02
1.463108230382204056e-02
1.385655812919139862e-02
1.477003470063209534e-02
1.408602949231863022e-02
1.518947724252939224e-02
1.647675968706607819e-02
1.714184135198593140e-02
1.742321439087390900e-02
1.688880659639835358e-02
1.686998270452022552e-02
1.775544323027133942e-02
1.746434345841407776e-02
1.837454922497272491e-02
2.017673850059509277e-02
2.100283093750476837e-02
2.145080268383026123e-02
2.279969677329063416e-02
2.313979156315326691e-02
2.427122555673122406e-02
2.485749498009681702e-02
2.604741044342517853e-02
2.717479318380355835e-02
2.647490054368972778e-02
2.440828271210193634e-02
2.355726249516010284e-02
2.491655945777893066e-02
2.421476878225803375e-02
2.270591817796230316e-02
2.297681756317615509e-02
2.441832050681114197e-02
2.466917224228382111e-02
