1.323654800653457642e-01
1.305385380983352661e-01
1.288841664791107178e-01
1.273636817932128906e-01
1.259494125843048096e-01
1.246212869882583618e-01
1.233646795153617859e-01
1.221685484051704407e-01
1.210244223475456238e-01
1.199256181716918945e-01
1.188666969537734985e-01
1.178432479500770569e-01
1.168516129255294800e-01
1.158886924386024475e-01
1.149518564343452454e-01
1.140388622879981995e-01
1.131477355957031250e-01
1.122767776250839233e-01
1.114244908094406128e-01
1.105895563960075378e-01
1.097708046436309814e-01
1.089672148227691650e-01
1.081778705120086670e-01
1.074019372463226318e-01
1.066387146711349487e-01
1.058875173330307007e-01
1.051477640867233276e-01
1.044189482927322388e-01
1.037005409598350525e-01
1.029921472072601318e-01
1.022933498024940491e-01
1.016037911176681519e-01
1.009231358766555786e-01
1.002510786056518555e-01
9.958735108375549316e-02
