1.045477853595100370e-11
1.018500214722273256e-11
9.947887999461890729e-12
9.735866626781053412e-12
9.543870901906892357e-12
9.368289130562423850e-12
9.206410807316434131e-12
9.056156866082964996e-12
8.915883656368528420e-12
8.784280594587023927e-12
8.660286897332891698e-12
8.543025661889025457e-12
8.431767437033776957e-12
8.325905069550554316e-12
8.224916407673088514e-12
8.128352158021101559e-12
8.035832416153354529e-12
7.947017176268555971e-12
7.861618474269693735e-12
7.779379571082323253e-12
7.700069748484139609e-12
7.623491247998881448e-12
7.549466260470261147e-12
7.477830854529798899e-12
7.408441915490726615e-12
7.341170206454084024e-12
7.275898633585242692e-12
7.212519644028692056e-12
7.150935659588908422e-12
7.091057775687747977e-12
7.032804026640970818e-12
6.976098518296502959e-12
6.920875331162257282e-12
6.867066811022670692e-12
6.814614844641297964e-12
