1.013238451474940405e-11
9.756042328168401667e-12
9.451795249248995390e-12
9.201975986750099423e-12
8.992703283416947357e-12
8.813899263215851931e-12
8.658541765516059030e-12
8.521715451348388370e-12
8.399898832056607034e-12
8.290467271021562112e-12
8.191379866073766891e-12
8.100980823655401508e-12
8.017890171241326414e-12
7.940948246187851112e-12
7.869167123475406811e-12
7.801713268473786655e-12
7.737909271665621702e-12
7.677200888900337361e-12
7.619143163606345581e-12
7.563396089982354908e-12
7.509689918527850949e-12
7.457819084510930452e-12
7.407623126010065562e-12
7.358976275573247960e-12
7.311775317153657028e-12
7.265933948258362918e-12
7.221376708416160639e-12
7.178035943411487096e-12
7.135843999028779194e-12
7.094744063074198692e-12
7.054672384460003443e-12
7.015575186758438164e-12
6.977399560903485565e-12
6.940095633595211311e-12
6.903619169384977994e-12
