1.286135911941528320e-01
1.261290460824966431e-01
1.239605322480201721e-01
1.220493316650390625e-01
1.203516647219657898e-01
1.188316866755485535e-01
1.174610853195190430e-01
1.162174195051193237e-01
1.150828227400779724e-01
1.140430048108100891e-01
1.130865067243576050e-01
1.122040897607803345e-01
1.113881915807723999e-01
1.106323450803756714e-01
1.099309474229812622e-01
1.092789769172668457e-01
1.086719185113906860e-01
1.081056743860244751e-01
1.075764968991279602e-01
1.070809140801429749e-01
1.066157892346382141e-01
1.061782240867614746e-01
1.057656109333038330e-01
1.053755953907966614e-01
1.050060465931892395e-01
1.046550571918487549e-01
1.043209582567214966e-01
1.040022149682044983e-01
1.036975458264350891e-01
1.034057959914207458e-01
1.031259968876838684e-01
1.028573215007781982e-01
1.025990545749664307e-01
1.023506596684455872e-01
1.021116599440574646e-01
