1.045477853595100370e-11
1.037260381753224436e-11
1.029842704169947609e-11
1.023047011688982266e-11
1.016752654292574221e-11
1.010873502960141224e-11
1.005345459659245932e-11
1.000119344979344405e-11
9.951567347954437537e-12
9.904264040849763973e-12
9.859029391490192751e-12
9.815655233058606655e-12
9.773960286951766108e-12
9.733795366950737105e-12
9.695029501433083396e-12
9.657552535458080456e-12
9.621263855064121628e-12
9.586074989353932096e-12
9.551906141047616927e-12
9.518694860100040955e-12
9.486374359657379074e-12
9.454892598015351979e-12
9.424195798746204389e-12
9.394238859039560907e-12
9.364981012893736079e-12
9.336383229030520425e-12
9.308412547703870388e-12
9.281032539720790453e-12
9.254217184229140969e-12
9.227937858291568318e-12
9.202170275779408826e-12
9.176889283202260827e-12
9.152074931240150590e-12
9.127705535849628404e-12
9.103761147710720536e-12
