1.323654800653457642e-01
1.318140327930450439e-01
1.313133239746093750e-01
1.308507025241851807e-01
1.304188221693038940e-01
1.300125569105148315e-01
1.296281218528747559e-01
1.292624771595001221e-01
1.289132684469223022e-01
1.285785138607025146e-01
1.282566487789154053e-01
1.279463171958923340e-01
1.276463568210601807e-01
1.273558437824249268e-01
1.270739287137985229e-01
1.267998814582824707e-01
1.265331059694290161e-01
1.262730062007904053e-01
1.260191351175308228e-01
1.257710307836532593e-01
1.255283504724502563e-01
1.252907216548919678e-01
1.250578612089157104e-01
1.248294636607170105e-01
1.246052831411361694e-01
1.243851184844970703e-01
1.241687163710594177e-01
1.239559203386306763e-01
1.237465143203735352e-01
1.235403567552566528e-01
1.233373135328292847e-01
1.231371909379959106e-01
1.229398995637893677e-01
1.227453351020812988e-01
1.225533261895179749e-01
