1.013238451474940405e-11
9.136811099375030665e-12
8.550575178456476522e-12
8.152366802460786488e-12
7.856458539290400722e-12
7.617882019639310442e-12
7.411854116567972994e-12
7.228317337043543844e-12
7.062647341959937819e-12
6.911368179152166391e-12
6.771882967576692280e-12
6.642489509822713245e-12
6.521940973391870955e-12
6.409138844643003097e-12
6.303145505537344206e-12
6.203266199322765573e-12
6.108996121467757945e-12
6.019849983079916811e-12
5.935198513218331584e-12
5.854239835956231985e-12
5.776103987470415646e-12
5.700035062006225672e-12
5.625511341478262040e-12
5.552283459386853082e-12
5.480311950772920326e-12
5.409684852852869597e-12
5.340543545589993002e-12
5.273041985692783484e-12
5.207323721528878124e-12
5.143505413252036362e-12
5.081657750843904253e-12
5.021792010007075646e-12
4.963850944866843307e-12
4.907724834163351701e-12
4.853280971550688605e-12
