1.286135911941528320e-01
1.211839690804481506e-01
1.155889555811882019e-01
1.112758591771125793e-01
1.078732386231422424e-01
1.051775813102722168e-01
1.030348017811775208e-01
1.013222560286521912e-01
9.994138777256011963e-02
9.881544858217239380e-02
9.789020568132400513e-02
9.713039547204971313e-02
9.651403129100799561e-02
9.602775424718856812e-02
9.566251188516616821e-02
9.540893137454986572e-02
9.525326639413833618e-02
9.517533332109451294e-02
9.514919668436050415e-02
9.514624625444412231e-02
9.513972699642181396e-02
9.510905295610427856e-02
9.504265338182449341e-02
9.493844211101531982e-02
9.480242431163787842e-02
9.464596956968307495e-02
9.448273479938507080e-02
9.432592242956161499e-02
9.418614953756332397e-02
9.407016634941101074e-02
9.398036450147628784e-02
9.391520917415618896e-02
9.387016296386718750e-02
9.383913874626159668e-02
9.381604939699172974e-02
