1.045477853595100370e-11
9.674872014642232898e-12
9.039945875199961733e-12
8.508621758551715430e-12
8.053854458345277578e-12
7.657810149885868611e-12
7.308399545269406161e-12
6.997151989762695479e-12
6.717936536920765533e-12
6.466157904255753763e-12
6.238248632939313865e-12
6.031356403896070972e-12
5.843138039390849414e-12
5.671621158831463561e-12
5.515117876275787978e-12
5.372161916705753271e-12
5.241463513216970682e-12
5.121874712549212560e-12
5.012372027851652589e-12
4.912034320958547085e-12
4.820029358282296172e-12
4.735605137196063907e-12
4.658079477692922410e-12
4.586830481406733995e-12
4.521297398973889159e-12
4.460965017522022791e-12
4.405368431159573106e-12
4.354085668401008746e-12
4.306729018549448895e-12
4.262949368505353220e-12
4.222430564915224949e-12
4.184882041596837965e-12
4.150040987943581783e-12
4.117670614200985568e-12
4.087554079934552220e-12
