1.323654800653457642e-01
1.268807202577590942e-01
1.220031604170799255e-01
1.175222024321556091e-01
1.133318543434143066e-01
1.093685701489448547e-01
1.055898815393447876e-01
1.019668057560920715e-01
9.847979992628097534e-02
9.511581808328628540e-02
9.186609089374542236e-02
8.872466534376144409e-02
8.568742126226425171e-02
8.275151252746582031e-02
7.991483807563781738e-02
7.717579603195190430e-02
7.453297078609466553e-02
7.198505103588104248e-02
6.953064352273941040e-02
6.716824322938919067e-02
6.489611417055130005e-02
6.271237879991531372e-02
6.061491370201110840e-02
5.860142782330513000e-02
5.666942521929740906e-02
5.481630563735961914e-02
5.303933098912239075e-02
5.133569985628128052e-02
4.970255121588706970e-02
4.813701286911964417e-02
4.663620889186859131e-02
4.519731551408767700e-02
4.381754249334335327e-02
4.249417409300804138e-02
4.122458398342132568e-02
