5.125780589878559113e-03
5.125786177814006805e-03
5.125791765749454498e-03
5.125797819346189499e-03
5.125802010297775269e-03
5.125807132571935654e-03
5.125812720507383347e-03
5.125815048813819885e-03
5.125819705426692963e-03
5.125824362039566040e-03
5.125829018652439117e-03
5.125831346958875656e-03
5.125834606587886810e-03
5.125839263200759888e-03
5.125842988491058350e-03
5.125847179442644119e-03
5.125848576426506042e-03
5.125852301716804504e-03
5.125855095684528351e-03
5.125858820974826813e-03
5.125862546265125275e-03
5.125864408910274506e-03
5.125867202877998352e-03
5.125870462507009506e-03
5.125873722136020660e-03
5.125876981765031815e-03
5.125880241394042969e-03
5.125881172716617584e-03
5.125883966684341431e-03
5.125886760652065277e-03
5.125889088958501816e-03
5.125892348587512970e-03
5.125895142555236816e-03
5.125896539539098740e-03
5.125898867845535278e-03
5.125901661813259125e-03
5.125904455780982971e-03
5.125907249748706818e-03
5.125910509377717972e-03
5.125911906361579895e-03
5.125913303345441818e-03
5.125916097313165665e-03
5.125918425619602203e-03
5.125920753926038742e-03
5.125923082232475281e-03
5.125925876200199127e-03
5.125927273184061050e-03
5.125928670167922974e-03
5.125931464135646820e-03
5.125933792442083359e-03
5.125936120748519897e-03
5.125937983393669128e-03
5.125940777361392975e-03
5.125943105667829514e-03
5.125944502651691437e-03
5.125946365296840668e-03
5.125948693603277206e-03
5.125951021909713745e-03
5.125952884554862976e-03
5.125954747200012207e-03
5.125957541167736053e-03
5.125958938151597977e-03
5.125959869474172592e-03
5.125962197780609131e-03
5.125964060425758362e-03
5.125966854393482208e-03
5.125968717038631439e-03
5.125971045345067978e-03
5.125973373651504517e-03
5.125975236296653748e-03
5.125976167619228363e-03
5.125978030264377594e-03
5.125980358570814133e-03
5.125982686877250671e-03
5.125984083861112595e-03
5.125986412167549133e-03
5.125988274812698364e-03
5.125989671796560287e-03
5.125991068780422211e-03
5.125992931425571442e-03
5.125994794070720673e-03
5.125996656715869904e-03
5.125998985022306442e-03
5.126001313328742981e-03
5.126003175973892212e-03
5.126004572957754135e-03
5.126005969941616058e-03
5.126007832586765289e-03
5.126009695231914520e-03
5.126011557877063751e-03
5.126013420522212982e-03
5.126014817506074905e-03
5.126016680151224136e-03
5.126018077135086060e-03
5.126019474118947983e-03
5.126020871102809906e-03
5.126022733747959137e-03
5.126024596393108368e-03
5.126026459038257599e-03
5.126028321683406830e-03
5.126030184328556061e-03
5.126031581312417984e-03
5.126032978296279907e-03
5.126034375280141830e-03
5.126035772264003754e-03
5.126037634909152985e-03
5.126038566231727600e-03
5.126040428876876831e-03
5.126041825860738754e-03
5.126043222844600677e-03
5.126044154167175293e-03
5.126046016812324524e-03
5.126047879457473755e-03
5.126048810780048370e-03
5.126050673425197601e-03
5.126052070409059525e-03
5.126053001731634140e-03
5.126054398715496063e-03
5.126055330038070679e-03
5.126056727021932602e-03
5.126058124005794525e-03
5.126059520989656448e-03
5.126060917973518372e-03
5.126061849296092987e-03
5.126062780618667603e-03
5.126063711941242218e-03
5.126065108925104141e-03
5.126066505908966064e-03
5.126067437231540680e-03
5.126068834215402603e-03
5.126069299876689911e-03
5.126070231199264526e-03
5.126071162521839142e-03
5.126072093844413757e-03
5.126073025166988373e-03
5.126073956489562988e-03
5.126074887812137604e-03
5.126075353473424911e-03
5.126075819134712219e-03
5.126076750457286835e-03
5.126077216118574142e-03
5.126077681779861450e-03
5.126078613102436066e-03
5.126079078763723373e-03
5.126079544425010681e-03
5.126080010086297989e-03
5.126080475747585297e-03
5.126080475747585297e-03
5.126081407070159912e-03
5.126081407070159912e-03
