3.357441711801523176e-12
3.357436507631095246e-12
3.357430436098929327e-12
3.357425448768935894e-12
3.357421328800680449e-12
3.357416775151556010e-12
3.357413088864169559e-12
3.357409402576783108e-12
3.357405282608527664e-12
3.357401379480706716e-12
3.357398560555058253e-12
3.357395307948540797e-12
3.357391838501588843e-12
3.357388585895071387e-12
3.357385333288553930e-12
3.357383164884208959e-12
3.357380129118126000e-12
3.357377310192477537e-12
3.357374274426394578e-12
3.357371455500746116e-12
3.357368853415532151e-12
3.357366901851621677e-12
3.357363866085538717e-12
3.357361914521628243e-12
3.357358445074676290e-12
3.357356927191634810e-12
3.357354325106420845e-12
3.357352156702075874e-12
3.357349120935992914e-12
3.357347169372082440e-12
3.357345000967737469e-12
3.357343049403826996e-12
3.357340447318613030e-12
3.357338712595137054e-12
3.357335893669488591e-12
3.357333942105578117e-12
3.357331340020364152e-12
3.357329822137322672e-12
3.357327870573412198e-12
3.357325919009501725e-12
3.357323750605156754e-12
3.357321582200811783e-12
3.357319196956032314e-12
3.357317028551687343e-12
3.357315293828211367e-12
3.357313559104735390e-12
3.357311824381259413e-12
3.357309872817348939e-12
3.357307270732134974e-12
3.357305752849093494e-12
3.357303150763879529e-12
3.357300982359534558e-12
3.357300114997796570e-12
3.357297729753017101e-12
3.357295778189106628e-12
3.357293609784761657e-12
3.357291658220851183e-12
3.357289706656940709e-12
3.357287538252595738e-12
3.357286020369554258e-12
3.357284068805643784e-12
3.357282334082167807e-12
3.357280599358691831e-12
3.357278430954346859e-12
3.357276045709567391e-12
3.357274310986091415e-12
3.357272793103049935e-12
3.357270624698704964e-12
3.357269106815663484e-12
3.357267155251753010e-12
3.357264986847408039e-12
3.357262818443063068e-12
3.357260650038718097e-12
3.357258915315242120e-12
3.357256746910897149e-12
3.357255445868290167e-12
3.357253060623510699e-12
3.357251109059600225e-12
3.357248940655255254e-12
3.357246989091344780e-12
3.357245037527434306e-12
3.357242435442220341e-12
3.357241134399613358e-12
3.357239182835702884e-12
3.357236797590923416e-12
3.357235062867447439e-12
3.357232460782233474e-12
3.357230292377888503e-12
3.357227907133109035e-12
3.357225955569198561e-12
3.357224220845722584e-12
3.357222486122246607e-12
3.357219884037032642e-12
3.357217932473122168e-12
3.357215547228342700e-12
3.357213161983563232e-12
3.357211210419652758e-12
3.357209042015307787e-12
3.357207307291831810e-12
3.357204271525748851e-12
3.357202319961838377e-12
3.357199934717058909e-12
3.357197766312713938e-12
3.357195164227499973e-12
3.357193429504023996e-12
3.357190827418810031e-12
3.357188659014465060e-12
3.357186490610120089e-12
3.357184105365340621e-12
3.357181720120561152e-12
3.357179118035347187e-12
3.357176515950133222e-12
3.357173913864919257e-12
3.357172179141443280e-12
3.357170010737098309e-12
3.357167191811449847e-12
3.357164806566670379e-12
3.357162204481456413e-12
3.357159168715373454e-12
3.357157000311028483e-12
3.357154615066249015e-12
3.357152229821469547e-12
3.357149627736255582e-12
3.357146808810607119e-12
3.357143989884958657e-12
3.357141387799744692e-12
3.357138352033661732e-12
3.357136400469751258e-12
3.357133364703668299e-12
3.357130545778019837e-12
3.357127943692805871e-12
3.357125124767157409e-12
3.357122739522377941e-12
3.357119703756294982e-12
3.357116667990212022e-12
3.357114065904998057e-12
3.357110596458046103e-12
3.357107560691963144e-12
3.357104958606749179e-12
3.357101706000231722e-12
3.357098670234148763e-12
3.357095851308500301e-12
3.357093249223286335e-12
3.357089346095465388e-12
3.357085876648513434e-12
3.357082840882430474e-12
3.357079805116347515e-12
3.357076552509830059e-12
3.357073299903312602e-12
3.357069830456360648e-12
