1.323654800653457642e-01
1.268813759088516235e-01
1.220039799809455872e-01
1.175231710076332092e-01
1.133329793810844421e-01
1.093698516488075256e-01
1.055913195013999939e-01
1.019684076309204102e-01
9.848156571388244629e-02
9.511777013540267944e-02
9.186821430921554565e-02
8.872694522142410278e-02
8.568985015153884888e-02
8.275409042835235596e-02
7.991755753755569458e-02
7.717864215373992920e-02
7.453594356775283813e-02
7.198813557624816895e-02
6.953385472297668457e-02
6.717155873775482178e-02
6.489954888820648193e-02
6.271592527627944946e-02
6.061857566237449646e-02
5.860518291592597961e-02
5.667328089475631714e-02
5.482025444507598877e-02
5.304337292909622192e-02
5.133982747793197632e-02
4.970675706863403320e-02
4.814130067825317383e-02
4.664057493209838867e-02
4.520174860954284668e-02
4.382204264402389526e-02
4.249873384833335876e-02
4.122919216752052307e-02
