1.045477853595100370e-11
9.674896300770896573e-12
9.039987508563385177e-12
8.508680739149898642e-12
8.053925582007792627e-12
7.657894283974453487e-12
7.308494087698846897e-12
6.997257374213861070e-12
6.718053197074524974e-12
6.466282370665155099e-12
6.238381772966095085e-12
6.031496916497625094e-12
5.843284189843700460e-12
5.671772079773873543e-12
5.515272266665149914e-12
5.372320643903805149e-12
5.241622674095891554e-12
5.122036909194216392e-12
5.012534658177525415e-12
4.912197384965288904e-12
4.820192855969906987e-12
4.735768201202805727e-12
4.658241240657057247e-12
4.586991377009130844e-12
4.521455258810203048e-12
4.461122009996598692e-12
4.405524556272411019e-12
4.354238757747763700e-12
4.306881240534465860e-12
4.263099855766894208e-12
4.222578883772420966e-12
4.185027324687951022e-12
4.150184969992087858e-12
4.117811994164277678e-12
4.087694592536106342e-12
