1.045477853595100370e-11
1.037264371617219183e-11
1.029850857370284700e-11
1.023058721072445110e-11
1.016767746386815219e-11
1.010891717556638980e-11
1.005366710021826648e-11
1.000143544371834281e-11
9.951833628007999977e-12
9.904556341755466065e-12
9.859346845886296506e-12
9.815993504136422132e-12
9.774322844158245260e-12
9.734177873477189991e-12
9.695435426726461969e-12
9.657976675347956785e-12
9.621706209550495714e-12
9.586534691075065950e-12
9.552387526812200491e-12
9.519194460461122276e-12
9.486890439891482174e-12
9.455425158122476859e-12
9.424742236641137083e-12
9.394802644169253369e-12
9.365560410534712332e-12
9.336979106544518459e-12
9.309022303005676235e-12
9.281658774895618080e-12
9.254855562468300434e-12
9.228590981680273586e-12
9.202838144317659896e-12
9.177572764251795689e-12
9.152773157439231255e-12
9.128416772474778895e-12
9.104484527400202865e-12
