1.323654800653457642e-01
1.318150609731674194e-01
1.313145756721496582e-01
1.308521926403045654e-01
1.304205656051635742e-01
1.300145387649536133e-01
1.296303272247314453e-01
1.292649060487747192e-01
1.289158612489700317e-01
1.285812854766845703e-01
1.282595396041870117e-01
1.279492825269699097e-01
1.276494413614273071e-01
1.273590177297592163e-01
1.270771771669387817e-01
1.268032044172286987e-01
1.265364885330200195e-01
1.262764781713485718e-01
1.260226517915725708e-01
1.257746368646621704e-01
1.255320459604263306e-01
1.252944916486740112e-01
1.250617206096649170e-01
1.248334124684333801e-01
1.246093288064002991e-01
1.243892386555671692e-01
1.241729483008384705e-01
1.239602416753768921e-01
1.237509399652481079e-01
1.235448792576789856e-01
1.233419254422187805e-01
1.231419295072555542e-01
1.229447349905967712e-01
1.227502524852752686e-01
1.225583627820014954e-01
