1.013238451474940405e-11
9.756123860171772577e-12
9.451927955594907615e-12
9.202151193821173081e-12
8.992908848148850609e-12
8.814131716161632824e-12
8.658789830973123713e-12
8.521977394593260868e-12
8.400174653089287347e-12
8.290753500395098285e-12
8.191673901702944960e-12
8.101282665540221473e-12
8.018200686743526262e-12
7.941265700583954867e-12
7.869489782041938497e-12
7.802045468019436214e-12
7.738251012190389133e-12
7.677550435680746688e-12
7.619502251365872780e-12
7.563765586082737968e-12
7.510069822969089870e-12
7.458209397293025233e-12
7.408021245047802239e-12
7.359383935590102510e-12
7.312192518149629450e-12
7.266360256552584218e-12
7.221811690327761823e-12
7.178478731578730176e-12
7.136296761856009141e-12
7.095203764795332546e-12
7.055140326117648186e-12
7.016051802033462792e-12
6.977883982434152088e-12
6.940588728743257718e-12
6.904119637107797303e-12
