1.286135911941528320e-01
1.261294186115264893e-01
1.239612475037574768e-01
1.220503076910972595e-01
1.203528270125389099e-01
1.188329905271530151e-01
1.174624934792518616e-01
1.162188947200775146e-01
1.150843426585197449e-01
1.140445470809936523e-01
1.130880415439605713e-01
1.122056096792221069e-01
1.113896742463111877e-01
1.106338053941726685e-01
1.099323481321334839e-01
1.092803105711936951e-01
1.086732000112533569e-01
1.081068888306617737e-01
1.075776368379592896e-01
1.070819869637489319e-01
1.066167876124382019e-01
1.061791628599166870e-01
1.057664901018142700e-01
1.053764075040817261e-01
1.050067991018295288e-01
1.046557575464248657e-01
1.043215990066528320e-01
1.040028184652328491e-01
1.036980971693992615e-01
1.034063026309013367e-01
1.031264588236808777e-01
1.028577238321304321e-01
1.025994196534156799e-01
1.023509800434112549e-01
1.021119281649589539e-01
