1.013238451474940405e-11
8.508381499350292643e-12
7.730730985922029674e-12
7.190983052074439996e-12
6.806448200197268150e-12
6.497928063675662003e-12
6.211352179125162465e-12
5.946008008878012063e-12
5.708738169685201314e-12
5.489298252059349181e-12
5.279574954303312140e-12
5.083884702106189479e-12
4.907321944636056088e-12
4.748135478543913379e-12
4.601801578685282834e-12
4.466085921223106325e-12
4.340508855116276266e-12
4.223968830957547382e-12
4.115114499159133743e-12
4.013237658861967816e-12
3.917740264147706597e-12
3.827574542036860095e-12
3.741558712161419109e-12
3.659063069899604059e-12
3.580161557839578457e-12
3.505077738469308812e-12
3.433661775048557629e-12
3.365535281019127467e-12
3.300444986753525711e-12
3.238216552542416693e-12
3.178632270589565323e-12
3.121710355491469358e-12
3.067906389001007206e-12
3.017598323995507315e-12
2.970438998939339825e-12
