1.286135911941528320e-01
1.110322326421737671e-01
1.027284786105155945e-01
9.794221818447113037e-02
9.563159942626953125e-02
9.462311118841171265e-02
9.416504949331283569e-02
9.404117614030838013e-02
9.399466961622238159e-02
9.369029849767684937e-02
9.303070604801177979e-02
9.219773113727569580e-02
9.146535396575927734e-02
9.102512896060943604e-02
9.092023968696594238e-02
9.105008095502853394e-02
9.120990335941314697e-02
9.117969870567321777e-02
9.083831310272216797e-02
9.021177142858505249e-02
8.943136781454086304e-02
8.865082263946533203e-02
8.797602355480194092e-02
8.743507415056228638e-02
8.698783069849014282e-02
8.656134456396102905e-02
8.609440177679061890e-02
8.557139337062835693e-02
8.502843230962753296e-02
8.453077077865600586e-02
8.413752913475036621e-02
8.387253433465957642e-02
8.371334522962570190e-02
8.360081166028976440e-02
8.346552401781082153e-02
