1.284350901842117310e-01
1.212134957313537598e-01
1.157655939459800720e-01
1.115431115031242371e-01
1.082126572728157043e-01
1.055994629859924316e-01
1.035655438899993896e-01
1.019954159855842590e-01
1.007872968912124634e-01
9.984771907329559326e-02
9.909991919994354248e-02
9.849051386117935181e-02
9.798882901668548584e-02
9.758205711841583252e-02
9.726872295141220093e-02
9.705200046300888062e-02
9.693351387977600098e-02
9.690896421670913696e-02
9.696601331233978271e-02
9.708481281995773315e-02
9.724065661430358887e-02
9.740790724754333496e-02
9.756404906511306763e-02
9.769290685653686523e-02
9.778635203838348389e-02
9.784427285194396973e-02
9.787348657846450806e-02
9.788570553064346313e-02
9.789529442787170410e-02
9.791709482669830322e-02
9.796448051929473877e-02
9.804785251617431641e-02
9.817366302013397217e-02
9.834399819374084473e-02
9.855667501688003540e-02
