1.513395311847354208e-11
1.395768656903273452e-11
1.324451312512131551e-11
1.274043197330154698e-11
1.234892570145529334e-11
1.202066397809620213e-11
1.172852787112432793e-11
1.146233281901221090e-11
1.121857641506185388e-11
1.099416044314516228e-11
1.078587653219331699e-11
1.059096300243256294e-11
1.040702246601910019e-11
1.023190907001314542e-11
1.006387334578917603e-11
9.901803335599090872e-12
9.745283573170393510e-12
9.594389518974288933e-12
9.449314594678348556e-12
9.310026707898266807e-12
9.176081769424193624e-12
9.046660122413729965e-12
8.920772107123831063e-12
8.797500054835705185e-12
8.676174362287625286e-12
8.556446350060920025e-12
8.438273517430427972e-12
8.321808520062035086e-12
8.207297688689330073e-12
8.094983017237211698e-12
7.985063998905417293e-12
7.877691554636356841e-12
7.772971502562064927e-12
7.670990578856340392e-12
7.571802559946938516e-12
