1.013238451474940405e-11
9.756007633698882131e-12
9.451734533927336201e-12
9.201897056831942479e-12
8.992609608349244610e-12
8.813796047169031311e-12
8.658429875851858526e-12
8.521594888066807982e-12
8.399773064604598716e-12
8.290338901484339829e-12
8.191247159727854665e-12
8.100843780500799340e-12
8.017751393363248269e-12
7.940805998862821014e-12
7.869020539341686771e-12
7.801563214893114662e-12
7.737755748637997755e-12
7.677043029064023472e-12
7.618983569046555715e-12
7.563232158613875100e-12
7.509521650350681199e-12
7.457647346886808748e-12
7.407447051577253916e-12
7.358796731693484361e-12
7.311593171188679463e-12
7.265747899165564405e-12
7.221187623557279167e-12
7.177843389105653671e-12
7.135648842637731804e-12
7.094545870917068342e-12
7.054470289175052145e-12
7.015372224111748878e-12
6.977193996171582313e-12
6.939886165735487111e-12
6.903406665759170835e-12
