1.286135911941528320e-01
1.261288672685623169e-01
1.239602267742156982e-01
1.220489144325256348e-01
1.203511506319046021e-01
1.188311204314231873e-01
1.174604818224906921e-01
1.162167936563491821e-01
1.150821819901466370e-01
1.140423640608787537e-01
1.130858808755874634e-01
1.122034788131713867e-01
1.113875880837440491e-01
1.106317788362503052e-01
1.099304109811782837e-01
1.092784628272056580e-01
1.086714416742324829e-01
1.081052348017692566e-01
1.075760871171951294e-01
1.070805341005325317e-01
1.066154539585113525e-01
1.061779186129570007e-01
1.057653352618217468e-01
1.053753420710563660e-01
1.050058305263519287e-01
1.046548783779144287e-01
1.043207794427871704e-01
1.040020734071731567e-01
1.036974266171455383e-01
1.034057140350341797e-01
1.031259298324584961e-01
1.028572767972946167e-01
1.025990322232246399e-01
1.023506671190261841e-01
1.021116822957992554e-01
