5.125783383846282959e-03
5.125783383846282959e-03
5.125783383846282959e-03
5.125783383846282959e-03
5.125783383846282959e-03
5.125783383846282959e-03
5.125783383846282959e-03
5.125783383846282959e-03
5.125783383846282959e-03
5.125783383846282959e-03
5.125783383846282959e-03
5.125783383846282959e-03
5.125783383846282959e-03
5.125783383846282959e-03
5.125782918184995651e-03
5.125782918184995651e-03
5.125782918184995651e-03
5.125782918184995651e-03
5.125782918184995651e-03
5.125782452523708344e-03
5.125782452523708344e-03
5.125782452523708344e-03
5.125782452523708344e-03
5.125781986862421036e-03
5.125781986862421036e-03
5.125781986862421036e-03
5.125781986862421036e-03
5.125781986862421036e-03
5.125781986862421036e-03
5.125781521201133728e-03
5.125781521201133728e-03
5.125781055539846420e-03
5.125781055539846420e-03
5.125781055539846420e-03
5.125781055539846420e-03
5.125781055539846420e-03
5.125780589878559113e-03
5.125780589878559113e-03
5.125780589878559113e-03
5.125780589878559113e-03
5.125779658555984497e-03
5.125779658555984497e-03
5.125779658555984497e-03
5.125778727233409882e-03
5.125778727233409882e-03
5.125778727233409882e-03
5.125778261572122574e-03
5.125777795910835266e-03
5.125777795910835266e-03
5.125777795910835266e-03
5.125777795910835266e-03
5.125776864588260651e-03
5.125776864588260651e-03
5.125776864588260651e-03
5.125775933265686035e-03
5.125775933265686035e-03
5.125775467604398727e-03
5.125775001943111420e-03
5.125775001943111420e-03
5.125774070620536804e-03
5.125774070620536804e-03
5.125773139297962189e-03
5.125773139297962189e-03
5.125772207975387573e-03
5.125772207975387573e-03
5.125771276652812958e-03
5.125771276652812958e-03
5.125770345330238342e-03
5.125770345330238342e-03
5.125769414007663727e-03
5.125768948346376419e-03
5.125768482685089111e-03
5.125767551362514496e-03
5.125766620039939880e-03
5.125766620039939880e-03
5.125765688717365265e-03
5.125765223056077957e-03
5.125764291733503342e-03
5.125763826072216034e-03
5.125762429088354111e-03
5.125761963427066803e-03
5.125761497765779495e-03
5.125760566443204880e-03
5.125759635120630264e-03
5.125758238136768341e-03
5.125757306814193726e-03
5.125756375491619110e-03
5.125755444169044495e-03
5.125754512846469879e-03
5.125753581523895264e-03
5.125752184540033340e-03
5.125751718878746033e-03
5.125750321894884109e-03
5.125748924911022186e-03
5.125747993588447571e-03
5.125746596604585648e-03
5.125745665282011032e-03
5.125744268298149109e-03
5.125742871314287186e-03
5.125741939991712570e-03
5.125740543007850647e-03
5.125738680362701416e-03
5.125737749040126801e-03
5.125735886394977570e-03
5.125734955072402954e-03
5.125733092427253723e-03
5.125731229782104492e-03
5.125730298459529877e-03
5.125728435814380646e-03
5.125726573169231415e-03
5.125725641846656799e-03
5.125723779201507568e-03
5.125721916556358337e-03
5.125720053911209106e-03
5.125719122588634491e-03
5.125717259943485260e-03
5.125715397298336029e-03
5.125713534653186798e-03
5.125711672008037567e-03
5.125709809362888336e-03
5.125707946717739105e-03
5.125706084072589874e-03
5.125704221427440643e-03
5.125702358782291412e-03
5.125700030475854874e-03
5.125698167830705643e-03
5.125696770846843719e-03
5.125694442540407181e-03
5.125692579895257950e-03
5.125690251588821411e-03
5.125687923282384872e-03
5.125686526298522949e-03
5.125684197992086411e-03
5.125682335346937180e-03
5.125680007040500641e-03
5.125678144395351410e-03
5.125675816088914871e-03
5.125673487782478333e-03
5.125671625137329102e-03
5.125669762492179871e-03
5.125666968524456024e-03
5.125665105879306793e-03
5.125662777572870255e-03
5.125660449266433716e-03
5.125658120959997177e-03
5.125655792653560638e-03
5.125653930008411407e-03
5.125651136040687561e-03
5.125649273395538330e-03
5.125646479427814484e-03
5.125644151121377945e-03
5.125641822814941406e-03
5.125639028847217560e-03
5.125637166202068329e-03
5.125634372234344482e-03
5.125632043927907944e-03
5.125629715621471405e-03
5.125626921653747559e-03
5.125624127686023712e-03
5.125621799379587173e-03
5.125619936734437943e-03
5.125616677105426788e-03
5.125614348798990250e-03
5.125611554831266403e-03
5.125608760863542557e-03
5.125605966895818710e-03
5.125603638589382172e-03
5.125600844621658325e-03
5.125597584992647171e-03
5.125595256686210632e-03
5.125592462718486786e-03
5.125590134412050247e-03
5.125586874783039093e-03
5.125584546476602554e-03
5.125581286847591400e-03
5.125578492879867554e-03
5.125576630234718323e-03
5.125573370605707169e-03
5.125570110976696014e-03
5.125567317008972168e-03
5.125565454363822937e-03
5.125561729073524475e-03
5.125559866428375244e-03
5.125557072460651398e-03
5.125553347170352936e-03
5.125550553202629089e-03
5.125547759234905243e-03
5.125545430928468704e-03
5.125542636960744858e-03
5.125539377331733704e-03
5.125536583364009857e-03
5.125533789396286011e-03
5.125530995428562164e-03
5.125528201460838318e-03
5.125525407493114471e-03
5.125522613525390625e-03
5.125519819557666779e-03
5.125516559928655624e-03
5.125514231622219086e-03
5.125510971993207932e-03
5.125507712364196777e-03
5.125505849719047546e-03
5.125503055751323700e-03
5.125500261783599854e-03
5.125496536493301392e-03
5.125493742525577545e-03
5.125490948557853699e-03
5.125487688928842545e-03
5.125484429299831390e-03
5.125481635332107544e-03
5.125478841364383698e-03
5.125476047396659851e-03
5.125472787767648697e-03
5.125469528138637543e-03
5.125466734170913696e-03
5.125463940203189850e-03
5.125460680574178696e-03
5.125457420945167542e-03
5.125454626977443695e-03
5.125451367348432541e-03
5.125448573380708694e-03
5.125445313751697540e-03
5.125442054122686386e-03
5.125439260154962540e-03
5.125436466187238693e-03
5.125433206558227539e-03
5.125430412590503693e-03
5.125427152961492538e-03
5.125423893332481384e-03
5.125421099364757538e-03
5.125417839735746384e-03
5.125415045768022537e-03
5.125411786139011383e-03
5.125408992171287537e-03
5.125405732542276382e-03
5.125402472913265228e-03
5.125399678945541382e-03
5.125396884977817535e-03
5.125394091010093689e-03
5.125390365719795227e-03
5.125387106090784073e-03
5.125384312123060226e-03
5.125381052494049072e-03
5.125378258526325226e-03
5.125374998897314072e-03
5.125371739268302917e-03
5.125368013978004456e-03
5.125365685671567917e-03
5.125362426042556763e-03
5.125359166413545609e-03
5.125355906784534454e-03
5.125352181494235992e-03
5.125349387526512146e-03
5.125345662236213684e-03
5.125342868268489838e-03
5.125339142978191376e-03
5.125335883349180222e-03
5.125332158058881760e-03
5.125328898429870605e-03
5.125325173139572144e-03
5.125321447849273682e-03
5.125317722558975220e-03
5.125313997268676758e-03
5.125310271978378296e-03
5.125306546688079834e-03
5.125302355736494064e-03
5.125298630446195602e-03
5.125294905155897141e-03
5.125290714204311371e-03
5.125286988914012909e-03
5.125282332301139832e-03
5.125278607010841370e-03
5.125274416059255600e-03
5.125269759446382523e-03
5.125265568494796753e-03
5.125260911881923676e-03
5.125257186591625214e-03
5.125252529978752136e-03
5.125247407704591751e-03
5.125243216753005981e-03
5.125238560140132904e-03
5.125233903527259827e-03
5.125229246914386749e-03
5.125224124640226364e-03
5.125219468027353287e-03
5.125214811414480209e-03
5.125209689140319824e-03
5.125205032527446747e-03
5.125199910253286362e-03
5.125194787979125977e-03
5.125190131366252899e-03
5.125184543430805206e-03
5.125179421156644821e-03
5.125173833221197128e-03
5.125168710947036743e-03
5.125163123011589050e-03
5.125158000737428665e-03
5.125152878463268280e-03
5.125147290527820587e-03
5.125141702592372894e-03
5.125136114656925201e-03
5.125130526721477509e-03
5.125124938786029816e-03
5.125119350850582123e-03
5.125113762915134430e-03
5.125108174979686737e-03
5.125101655721664429e-03
5.125096067786216736e-03
5.125090479850769043e-03
5.125084426254034042e-03
5.125078372657299042e-03
5.125072784721851349e-03
5.125066265463829041e-03
5.125059746205806732e-03
5.125053226947784424e-03
5.125047639012336731e-03
5.125040654093027115e-03
5.125034600496292114e-03
5.125028081238269806e-03
5.125021096318960190e-03
5.125015042722225189e-03
5.125007592141628265e-03
5.125001538544893265e-03
5.124993622303009033e-03
5.124987103044986725e-03
5.124979652464389801e-03
5.124972667545080185e-03
5.124965682625770569e-03
5.124958232045173645e-03
5.124951247125864029e-03
5.124943330883979797e-03
5.124935880303382874e-03
5.124928429722785950e-03
5.124920979142189026e-03
5.124913062900304794e-03
5.124905146658420563e-03
5.124897696077823639e-03
5.124889779835939407e-03
5.124881863594055176e-03
5.124873947352170944e-03
5.124866031110286713e-03
5.124858580529689789e-03
5.124850198626518250e-03
5.124842282384634018e-03
5.124834366142749786e-03
5.124825984239578247e-03
5.124818067997694016e-03
5.124810151755809784e-03
5.124801769852638245e-03
5.124793387949466705e-03
5.124785006046295166e-03
5.124776624143123627e-03
5.124768242239952087e-03
5.124759394675493240e-03
5.124751478433609009e-03
5.124742630869150162e-03
5.124733783304691315e-03
5.124724935740232468e-03
5.124716088175773621e-03
5.124707706272602081e-03
5.124697927385568619e-03
5.124689079821109772e-03
5.124679766595363617e-03
5.124670453369617462e-03
5.124661140143871307e-03
5.124651826918125153e-03
5.124642513692378998e-03
5.124632734805345535e-03
5.124622490257024765e-03
5.124612711369991302e-03
5.124602932482957840e-03
5.124592687934637070e-03
5.124582909047603607e-03
5.124572198837995529e-03
5.124561954289674759e-03
5.124551244080066681e-03
5.124540999531745911e-03
5.124530289322137833e-03
5.124520044773817062e-03
5.124509334564208984e-03
5.124498158693313599e-03
5.124487448483705521e-03
5.124476738274097443e-03
5.124466028064489365e-03
5.124455317854881287e-03
5.124444141983985901e-03
5.124432966113090515e-03
5.124421790242195129e-03
5.124410148710012436e-03
5.124399438500404358e-03
5.124387796968221664e-03
5.124376155436038971e-03
5.124364979565143585e-03
5.124353338032960892e-03
5.124341696500778198e-03
5.124329589307308197e-03
5.124317947775125504e-03
5.124306306242942810e-03
5.124294199049472809e-03
5.124282091856002808e-03
5.124270915985107422e-03
5.124257877469062805e-03
5.124245770275592804e-03
5.124233197420835495e-03
5.124220624566078186e-03
5.124208517372608185e-03
5.124195478856563568e-03
5.124182440340518951e-03
5.124170333147048950e-03
5.124157294631004333e-03
5.124143790453672409e-03
5.124130751937627792e-03
5.124117713421583176e-03
5.124104209244251251e-03
5.124091170728206635e-03
5.124077200889587402e-03
5.124063696712255478e-03
5.124049726873636246e-03
5.124036222696304321e-03
5.124021787196397781e-03
5.124007351696491241e-03
5.123993381857872009e-03
5.123978946357965469e-03
5.123964510858058929e-03
5.123949609696865082e-03
5.123935174196958542e-03
5.123919807374477386e-03
5.123905837535858154e-03
5.123890005052089691e-03
5.123875103890895844e-03
5.123859737068414688e-03
5.123844370245933533e-03
5.123828072100877762e-03
5.123812705278396606e-03
5.123796872794628143e-03
5.123780574649572372e-03
5.123764742165803909e-03
5.123748444020748138e-03
5.123731680214405060e-03
5.123715382069349289e-03
5.123699083924293518e-03
5.123682320117950439e-03
5.123664624989032745e-03
5.123647861182689667e-03
5.123631097376346588e-03
5.123613867908716202e-03
5.123596638441085815e-03
5.123578943312168121e-03
5.123561248183250427e-03
5.123543553054332733e-03
5.123526323586702347e-03
5.123508162796497345e-03
5.123490467667579651e-03
5.123472306877374649e-03
5.123454146087169647e-03
5.123435519635677338e-03
5.123417824506759644e-03
5.123398732393980026e-03
5.123380571603775024e-03
5.123361013829708099e-03
5.123342387378215790e-03
5.123323760926723480e-03
5.123304203152656555e-03
5.123284645378589630e-03
5.123265553265810013e-03
5.123245529830455780e-03
5.123225506395101547e-03
5.123205482959747314e-03
5.123184993863105774e-03
5.123164970427751541e-03
5.123144481331110001e-03
5.123123526573181152e-03
5.123103037476539612e-03
5.123081617057323456e-03
5.123061127960681915e-03
5.123039707541465759e-03
5.123018287122249603e-03
5.122996866703033447e-03
5.122975446283817291e-03
5.122953094542026520e-03
5.122931674122810364e-03
5.122909322381019592e-03
5.122886970639228821e-03
5.122864618897438049e-03
5.122842732816934586e-03
5.122819915413856506e-03
5.122797098010778427e-03
5.122774280607700348e-03
5.122751463204622269e-03
5.122727714478969574e-03
5.122704431414604187e-03
5.122681148350238800e-03
5.122657399624586105e-03
5.122633650898933411e-03
5.122609436511993408e-03
5.122585222125053406e-03
5.122561007738113403e-03
5.122536327689886093e-03
5.122512113302946091e-03
5.122486967593431473e-03
