3.357433905545881281e-12
3.357433905545881281e-12
3.357433038184143292e-12
3.357433255024577790e-12
3.357433255024577790e-12
3.357432604503274298e-12
3.357433255024577790e-12
3.357432604503274298e-12
3.357432821343708795e-12
3.357432604503274298e-12
3.357431737141536310e-12
3.357432170822405304e-12
3.357431953981970807e-12
3.357432170822405304e-12
3.357431303460667316e-12
3.357431303460667316e-12
3.357431303460667316e-12
3.357431303460667316e-12
3.357431303460667316e-12
3.357430652939363824e-12
3.357430652939363824e-12
3.357430219258494830e-12
3.357430436098929327e-12
3.357430219258494830e-12
3.357430002418060333e-12
3.357429135056322345e-12
3.357428918215887848e-12
3.357429351896756842e-12
3.357428701375453350e-12
3.357428267694584356e-12
3.357429135056322345e-12
3.357428050854149859e-12
3.357427834013715362e-12
3.357427617173280865e-12
3.357427183492411871e-12
3.357426966651977374e-12
3.357426749811542877e-12
3.357426099290239385e-12
3.357425665609370391e-12
3.357425882449804888e-12
3.357425231928501397e-12
3.357425015088066900e-12
3.357424581407197905e-12
3.357424147726328911e-12
3.357423714045459917e-12
3.357423280364590923e-12
3.357422629843287432e-12
3.357422413002852934e-12
3.357422413002852934e-12
3.357421762481549443e-12
3.357421545641114946e-12
3.357420895119811455e-12
3.357420244598507963e-12
3.357419810917638969e-12
3.357419160396335478e-12
3.357418509875031987e-12
3.357418509875031987e-12
3.357417642513293998e-12
3.357416775151556010e-12
3.357416124630252519e-12
3.357415907789818021e-12
3.357415474108949027e-12
3.357415040428080033e-12
3.357413956225907548e-12
3.357413088864169559e-12
3.357412438342866068e-12
3.357411787821562577e-12
3.357411354140693582e-12
3.357410486778955594e-12
3.357409402576783108e-12
3.357408752055479617e-12
3.357407451012872635e-12
3.357407017332003640e-12
3.357405933129831155e-12
3.357405065768093166e-12
3.357404632087224172e-12
3.357403114204182693e-12
3.357402463682879201e-12
3.357400945799837721e-12
3.357400728959403224e-12
3.357399211076361745e-12
3.357398126874189259e-12
3.357396825831582277e-12
3.357396175310278785e-12
3.357394874267671803e-12
3.357393573225064820e-12
3.357392489022892335e-12
3.357391187980285352e-12
3.357389886937678369e-12
3.357388152214202393e-12
3.357386851171595410e-12
3.357385550128988427e-12
3.357384032245946948e-12
3.357382948043774462e-12
3.357381213320298485e-12
3.357379695437257006e-12
3.357377743873346532e-12
3.357376009149870555e-12
3.357374708107263572e-12
3.357372973383787595e-12
3.357371238660311619e-12
3.357369937617704636e-12
3.357367986053794162e-12
3.357366034489883688e-12
3.357363866085538717e-12
3.357361914521628243e-12
3.357359962957717769e-12
3.357358011393807296e-12
3.357356059829896822e-12
3.357353674585117354e-12
3.357351939861641377e-12
3.357349337776427411e-12
3.357346952531647943e-12
3.357345217808171967e-12
3.357342615722958001e-12
3.357340664159047527e-12
3.357338278914268059e-12
3.357335459988619597e-12
3.357333508424709123e-12
3.357330689499060661e-12
3.357328087413846696e-12
3.357325485328632730e-12
3.357322666402984268e-12
3.357320281158204800e-12
3.357317679072990835e-12
3.357314643306907875e-12
3.357311824381259413e-12
3.357309222296045448e-12
3.357306186529962488e-12
3.357303150763879529e-12
3.357300331838231067e-12
3.357296645550844616e-12
3.357293392944327159e-12
3.357290357178244200e-12
3.357287321412161241e-12
3.357284068805643784e-12
3.357280816199126328e-12
3.357277129911739877e-12
3.357273660464787923e-12
3.357270624698704964e-12
3.357266721570884016e-12
3.357263252123932062e-12
3.357260216357849103e-12
3.357255879549159161e-12
3.357252193261772710e-12
3.357248506974386260e-12
3.357244603846565312e-12
3.357240267037875370e-12
3.357237014431357913e-12
3.357233328143971463e-12
3.357228557654412526e-12
3.357225088207460573e-12
3.357220751398770631e-12
3.357216631430515186e-12
3.357212511462259741e-12
3.357208174653569799e-12
3.357203404164010863e-12
3.357199067355320921e-12
3.357194296865761984e-12
3.357189526376203048e-12
3.357185623248382100e-12
3.357180852758823164e-12
3.357175865428829731e-12
3.357170878098836297e-12
3.357166758130580853e-12
3.357161337119718425e-12
3.357156566630159489e-12
3.357151362459731558e-12
3.357146158289303628e-12
3.357140520438006703e-12
3.357135316267578773e-12
3.357129678416281848e-12
3.357124040564984924e-12
3.357118836394556993e-12
3.357112764862391074e-12
3.357107560691963144e-12
3.357102356521535214e-12
3.357096068148934798e-12
3.357090213457203376e-12
3.357084141925037457e-12
3.357078070392871538e-12
3.357071998860705619e-12
3.357065927328539701e-12
3.357059855796373782e-12
3.357053350583338869e-12
3.357047062210738453e-12
3.357040773838138037e-12
3.357034268625103124e-12
3.357027763412068211e-12
3.357021041358598801e-12
3.357014969826432882e-12
3.357008030932528975e-12
3.357001092038625067e-12
3.356994369985155657e-12
3.356986780569948259e-12
3.356980492197347843e-12
3.356973553303443936e-12
3.356965747047802040e-12
3.356958808153898133e-12
3.356951652419559728e-12
3.356944496685221324e-12
3.356936907270013926e-12
3.356929317854806527e-12
3.356921511599164631e-12
3.356913705343522736e-12
3.356905682247446343e-12
3.356897875991804447e-12
3.356890069736162552e-12
3.356882046640086159e-12
3.356874240384444263e-12
3.356865783607498877e-12
3.356857543670987987e-12
3.356848870053608103e-12
3.356840846957531710e-12
3.356831739659282832e-12
3.356823282882337445e-12
3.356814392424523064e-12
3.356805718807143180e-12
3.356796611508894301e-12
3.356787937891514417e-12
3.356778830593265539e-12
3.356769723295016661e-12
3.356760182315898788e-12
3.356751075017649910e-12
3.356741534038532038e-12
3.356732209899848662e-12
3.356722452080296293e-12
3.356712694260743923e-12
3.356703153281626051e-12
3.356693395462073681e-12
3.356683637642521312e-12
3.356673446142099948e-12
3.356663471482113081e-12
3.356653496822126215e-12
3.356643522162139348e-12
3.356632680140414493e-12
3.356622271799558632e-12
3.356611863458702771e-12
3.356601455117846911e-12
3.356590613096122055e-12
3.356579771074397200e-12
3.356568929052672345e-12
3.356558303871381987e-12
3.356547245009222635e-12
3.356535535625759792e-12
3.356524693604034937e-12
3.356513417901441088e-12
3.356501274837109250e-12
3.356490432815384395e-12
3.356478940272356049e-12
3.356467014048458708e-12
3.356455087824561367e-12
3.356442944760229530e-12
3.356431018536332189e-12
3.356418875472000352e-12
3.356406515567234017e-12
3.356394155662467682e-12
3.356382012598135844e-12
3.356369435852935013e-12
3.356356859107734181e-12
3.356343631841229858e-12
3.356330838255594529e-12
3.356317827829524703e-12
3.356304817403454877e-12
3.356292023817819548e-12
3.356278796551315224e-12
3.356265352444376404e-12
3.356251474656568590e-12
3.356238464230498764e-12
3.356223719080952961e-12
3.356210708654883135e-12
3.356196397186206326e-12
3.356182085717529517e-12
3.356168424770156200e-12
3.356154330141913888e-12
3.356139584992368086e-12
3.356125273523691277e-12
3.356110962055014468e-12
3.356096000065034168e-12
3.356081254915488365e-12
3.356065859244639071e-12
3.356051547775962263e-12
3.356035935264678471e-12
3.356020973274698171e-12
3.356005143922979883e-12
3.355990181932999583e-12
3.355974135740846798e-12
3.355958523229563006e-12
3.355942260196975724e-12
3.355926647685691933e-12
3.355910384653104650e-12
3.355894338460951865e-12
3.355877641747495588e-12
3.355860945034039311e-12
3.355844465161017531e-12
3.355827334766692260e-12
3.355811288574539475e-12
3.355794158180214204e-12
3.355776594105019939e-12
3.355758813189391176e-12
3.355741465954631408e-12
3.355724552400740635e-12
3.355706337804242878e-12
3.355688990569483110e-12
3.355670775972985354e-12
3.355652995057356591e-12
3.355634563620424338e-12
3.355616349023926581e-12
3.355597917586994328e-12
3.355579269309627577e-12
3.355560621032260826e-12
3.355541539074025081e-12
3.355522890796658331e-12
3.355503375157553592e-12
3.355483642678014355e-12
3.355464343879344113e-12
3.355445261921108369e-12
3.355425095760700138e-12
3.355405363281160902e-12
3.355385413961187169e-12
3.355365464641213435e-12
3.355345081640370708e-12
3.355324264958658986e-12
3.355303881957816259e-12
3.355282631595235543e-12
3.355262248594392815e-12
3.355240998231812100e-12
3.355220181550100378e-12
3.355198497506650668e-12
3.355177030303635455e-12
3.355155129419751248e-12
3.355133011695432543e-12
3.355111327651982833e-12
3.355089209927664129e-12
3.355067092203345425e-12
3.355044540798157726e-12
3.355021989392970028e-12
3.354999004306913335e-12
3.354976452901725636e-12
3.354953467815668944e-12
3.354930049048743257e-12
3.354906630281817570e-12
3.354883428355326380e-12
3.354860009588400693e-12
3.354835940300171515e-12
3.354812304692811331e-12
3.354788235404582153e-12
3.354764166116352975e-12
3.354739446306820305e-12
3.354715377018591127e-12
3.354690223528189463e-12
3.354665937399525788e-12
3.354640783909124124e-12
3.354615630418722461e-12
3.354590693768755294e-12
3.354565323437919133e-12
3.354539736266648475e-12
3.354513715414508823e-12
3.354487694562369171e-12
3.354461456869795022e-12
3.354435869698524364e-12
3.354409198325081221e-12
3.354382526951638077e-12
3.354355855578194934e-12
3.354328967364317293e-12
3.354301862310005156e-12
3.354274540415258521e-12
3.354246784839642892e-12
3.354218812423592766e-12
3.354191490528846131e-12
3.354163951793664999e-12
3.354135545696745879e-12
3.354106922759392262e-12
3.354078299822038645e-12
3.354049893725119524e-12
3.354021270787765907e-12
3.353991997329108798e-12
3.353962940710886187e-12
3.353933233571360084e-12
3.353903743272268478e-12
3.353874036132742376e-12
3.353844112152781776e-12
3.353813754491952182e-12
3.353783830511991582e-12
3.353753039170292993e-12
3.353722247828594405e-12
3.353691456486895817e-12
3.353660231464328234e-12
3.353629006441760652e-12
3.353597564578758572e-12
3.353566122715756492e-12
3.353534247171885418e-12
3.353502371628014345e-12
3.353470279243708774e-12
3.353437753178534209e-12
3.353405227113359643e-12
3.353372267367316084e-12
3.353339307621272525e-12
3.353306131034794468e-12
3.353272954448316412e-12
3.353239561021403858e-12
3.353205950754056808e-12
3.353172123646275260e-12
3.353138079698059215e-12
3.353103818909408673e-12
3.353069124439889137e-12
3.353034646810804098e-12
3.352999735500850065e-12
3.352964390510027037e-12
3.352929479200073004e-12
3.352893483687946485e-12
3.352857921856688961e-12
3.352821926344562442e-12
3.352785930832435923e-12
3.352749284799005913e-12
3.352712638765575903e-12
3.352676209572580390e-12
3.352639129858281386e-12
3.352602050143982382e-12
3.352564536748814383e-12
3.352527023353646385e-12
3.352489293118043889e-12
3.352451129201572400e-12
3.352413398965969904e-12
3.352374367687760426e-12
3.352335553249985445e-12
3.352296521971775967e-12
3.352257707534000986e-12
3.352218242574922513e-12
3.352178343934975047e-12
3.352138011614158586e-12
3.352098546655080114e-12
3.352057780653394659e-12
3.352017665173012695e-12
3.351976682330892743e-12
3.351935482648338294e-12
3.351893849284914850e-12
3.351852215921491407e-12
3.351810582558067964e-12
3.351768949194644520e-12
3.351726231629048591e-12
3.351683947744321657e-12
3.351641013338291231e-12
3.351597645251391810e-12
3.351554927685795882e-12
3.351510909077592970e-12
3.351467324150259053e-12
3.351422871861187147e-12
3.351378202731680744e-12
3.351333967283043336e-12
3.351289514993971430e-12
3.351244629024030530e-12
3.351198442011482648e-12
3.351153339201107251e-12
3.351107152188559368e-12
3.351060965176011486e-12
3.351014778163463603e-12
3.350968157470046727e-12
3.350920669414891861e-12
3.350873398200171493e-12
3.350826126985451126e-12
3.350778205249427266e-12
3.350730066672968910e-12
3.350682144936945051e-12
3.350633355839183203e-12
3.350583916220117864e-12
3.350534693441487022e-12
3.350485687503290677e-12
3.350435814203356344e-12
3.350385724062987514e-12
3.350335633922618683e-12
3.350285326941815356e-12
3.350234152599274040e-12
3.350182544575863730e-12
3.350131803914191408e-12
3.350080195890781098e-12
3.350028154186501794e-12
3.349975245120484502e-12
3.349922769735336203e-12
3.349870077509753408e-12
3.349816517922432624e-12
3.349763175175546337e-12
3.349708965066922062e-12
3.349655188639166781e-12
3.349600111168804517e-12
3.349545467379311248e-12
3.349490823589817978e-12
3.349434878757717726e-12
3.349379367606486468e-12
3.349323856455255211e-12
3.349266610580547976e-12
3.349210015227144233e-12
3.349152986192871495e-12
3.349095740318164260e-12
3.349037627081719037e-12
3.348979947526142809e-12
3.348921834289697586e-12
3.348862853691514374e-12
3.348804089933765660e-12
3.348745326176016945e-12
