1.323654800653457642e-01
1.305330991744995117e-01
1.288765966892242432e-01
1.273546814918518066e-01
1.259395927190780640e-01
1.246108189225196838e-01
1.233535036444664001e-01
1.221565678715705872e-01
1.210115253925323486e-01
1.199117302894592285e-01
1.188517510890960693e-01
1.178272143006324768e-01
1.168344542384147644e-01
1.158704087138175964e-01
1.149324476718902588e-01
1.140182986855506897e-01
1.131260469555854797e-01
1.122539490461349487e-01
1.114005073904991150e-01
1.105644106864929199e-01
1.097445040941238403e-01
1.089397370815277100e-01
1.081492155790328979e-01
1.073720976710319519e-01
1.066076830029487610e-01
1.058552861213684082e-01
1.051143482327461243e-01
1.043843105435371399e-01
1.036647185683250427e-01
1.029551178216934204e-01
1.022551208734512329e-01
1.015643775463104248e-01
1.008825302124023438e-01
1.002093032002449036e-01
9.954440593719482422e-02
