1.045477853595100370e-11
1.018468295810315283e-11
9.947282580968774823e-12
9.735006203936968916e-12
9.542783230287454899e-12
9.366996761572821129e-12
9.204933690276639879e-12
9.054507144057311052e-12
8.914074339783084611e-12
8.782316887612218181e-12
8.658178340947841889e-12
8.540775725540683538e-12
8.429384794339522813e-12
8.323393189957339899e-12
8.222277025904389802e-12
8.125592212970822459e-12
8.032952775183233030e-12
7.944025645634233967e-12
7.858515921332909215e-12
7.776165128481338229e-12
7.696749487751120000e-12
7.620067771219041219e-12
7.545940435005338287e-12
7.474204415103269383e-12
7.404718331549542398e-12
7.337350345359983095e-12
7.271985964785177003e-12
7.208515468565268591e-12
7.146842145866472151e-12
7.086876658429774878e-12
7.028540510017888820e-12
6.971752168627443069e-12
6.916446582128088494e-12
6.862559132070344958e-12
6.810031271536898245e-12
