1.815558120510374351e-11
1.686367018249868011e-11
1.608413402465203035e-11
1.554385439805905378e-11
1.513168063072001246e-11
1.479140421256630589e-11
1.449151042220986341e-11
1.421835739423560341e-11
1.396591349511755453e-11
1.373002232740727635e-11
1.350736970190391517e-11
1.329532317573267619e-11
1.309167531327037892e-11
1.289464628823067116e-11
1.270301832473341719e-11
1.251617993275333518e-11
1.233393595589937775e-11
1.215624996497854937e-11
1.198298751892146186e-11
1.181381034665029972e-11
1.164824053184743136e-11
1.148577934151351343e-11
1.132602778924907128e-11
1.116873434015008826e-11
1.101380531914886163e-11
1.086126327765057908e-11
1.071122704421334504e-11
1.056387182590823315e-11
1.041937022772110311e-11
1.027786970114741294e-11
1.013945177819053356e-11
1.000412426510610686e-11
9.871813436146403831e-12
9.742380513433346323e-12
9.615646820448908727e-12
