1.283114105463027954e-01
1.212474629282951355e-01
1.159088015556335449e-01
1.117725595831871033e-01
1.085105165839195251e-01
1.059470623731613159e-01
1.039470210671424866e-01
1.024016514420509338e-01
1.012187078595161438e-01
1.003222763538360596e-01
9.965602308511734009e-02
9.918092936277389526e-02
9.887078404426574707e-02
9.870900958776473999e-02
9.868570417165756226e-02
9.879346191883087158e-02
9.902255237102508545e-02
9.935756772756576538e-02
9.977657347917556763e-02
1.002528741955757141e-01
1.007580757141113281e-01
1.012655124068260193e-01
1.017530560493469238e-01
1.022048518061637878e-01
1.026122197508811951e-01
1.029735207557678223e-01
1.032931953668594360e-01
1.035801172256469727e-01
1.038456484675407410e-01
1.041015908122062683e-01
1.043584272265434265e-01
1.046237871050834656e-01
1.049017384648323059e-01
1.051925718784332275e-01
1.054933220148086548e-01
