1.283661723136901855e-01
1.212082579731941223e-01
1.157949641346931458e-01
1.116185337305068970e-01
1.083388626575469971e-01
1.057697832584381104e-01
1.037660837173461914e-01
1.022079885005950928e-01
1.009966656565666199e-01
1.000513508915901184e-01
9.931354969739913940e-02
9.874598681926727295e-02
9.832756221294403076e-02
9.804896265268325806e-02
9.790826588869094849e-02
9.790481626987457275e-02
9.803323447704315186e-02
9.827972203493118286e-02
9.862135350704193115e-02
9.902857989072799683e-02
9.946946799755096436e-02
9.991470724344253540e-02
1.003414765000343323e-01
1.007355079054832458e-01
1.010911464691162109e-01
1.014099344611167908e-01
1.016983315348625183e-01
1.019651368260383606e-01
1.022192835807800293e-01
1.024682298302650452e-01
1.027171537280082703e-01
1.029687970876693726e-01
1.032240241765975952e-01
1.034827381372451782e-01
1.037449613213539124e-01
