1.597674596787168610e-11
1.475687974594741547e-11
1.402709892683873250e-11
1.352654446784562481e-11
1.315025345560716374e-11
1.284432889908648789e-11
1.257837931034622159e-11
1.233885563167724797e-11
1.211947556201131704e-11
1.191551978613203389e-11
1.172327165899211820e-11
1.154021843363661759e-11
1.136469997969902224e-11
1.119555923662085561e-11
1.103200083368838236e-11
1.087356940598915855e-11
1.072010188951644238e-11
1.057162083567542155e-11
1.042810282569917035e-11
1.028932321289754981e-11
1.015481882610247411e-11
1.002399552252342119e-11
9.896262628816820950e-12
9.771097125854666388e-12
9.648067067491439275e-12
9.526839386819752065e-12
9.407166885744278062e-12
9.288913388472153088e-12
9.172041598448643640e-12
9.056587944866745232e-12
8.942615745133331018e-12
8.830179643037894266e-12
8.719303924709098652e-12
8.609994661679110095e-12
8.502279609523544224e-12
