1.025699172168970108e-02
8.309920318424701691e-03
7.191544398665428162e-03
6.592812947928905487e-03
5.881310906261205673e-03
5.403396673500537872e-03
5.209366790950298309e-03
5.058195441961288452e-03
4.638498183339834213e-03
4.631452728062868118e-03
4.469159990549087524e-03
4.078058525919914246e-03
3.868905128911137581e-03
3.821277990937232971e-03
3.600278170779347420e-03
3.322127275168895721e-03
3.330448642373085022e-03
3.184963017702102661e-03
3.135995706543326378e-03
3.006932325661182404e-03
3.005851525813341141e-03
2.769656013697385788e-03
2.648965921252965927e-03
2.729029161855578423e-03
2.583097666501998901e-03
2.500728936865925789e-03
2.590349642559885979e-03
2.404339145869016647e-03
2.364693442359566689e-03
2.244187984615564346e-03
2.240984467789530754e-03
2.188752172514796257e-03
2.169422572478652000e-03
2.001360757276415825e-03
1.944289077073335648e-03
1.992408884689211845e-03
1.936239190399646759e-03
1.799315563403069973e-03
1.900030183605849743e-03
1.827622530981898308e-03
1.721366774290800095e-03
1.758818863891065121e-03
1.660295645706355572e-03
1.639890368096530437e-03
1.547669526189565659e-03
1.705486327409744263e-03
1.599793205969035625e-03
1.483882777392864227e-03
1.600487972609698772e-03
1.499999896623194218e-03
1.472394680604338646e-03
1.505666179582476616e-03
1.421919208951294422e-03
1.446989946998655796e-03
1.389334327541291714e-03
1.331417704932391644e-03
1.307752216234803200e-03
1.422669505700469017e-03
1.281924312934279442e-03
1.185771543532609940e-03
1.246199011802673340e-03
1.256353454664349556e-03
1.217170036397874355e-03
1.361077069304883480e-03
1.237752847373485565e-03
1.236528740264475346e-03
1.114543294534087181e-03
1.133835990913212299e-03
1.150421332567930222e-03
1.156130456365644932e-03
1.116560189984738827e-03
1.051311381161212921e-03
1.141639309935271740e-03
1.101030502468347549e-03
1.012123888358473778e-03
1.105545787140727043e-03
1.032010186463594437e-03
1.037359470501542091e-03
9.459463180974125862e-04
1.003777841106057167e-03
9.537790901958942413e-04
9.949350496754050255e-04
9.431763319298624992e-04
9.283474064432084560e-04
1.019070157781243324e-03
1.036843634210526943e-03
9.041975717991590500e-04
8.938501123338937759e-04
9.490146185271441936e-04
8.636443526484072208e-04
9.128880919888615608e-04
9.180929046124219894e-04
9.061582968570291996e-04
8.454086491838097572e-04
8.573533850722014904e-04
8.136371616274118423e-04
8.710528491064906120e-04
8.146149339154362679e-04
7.762274472042918205e-04
8.124953601509332657e-04
