1.815558120510374351e-11
1.686367018249868011e-11
1.608413402465203035e-11
1.554385439805905378e-11
1.513168063072001246e-11
1.479140421256630589e-11
1.449151042220986341e-11
1.421835739423560341e-11
1.396591349511755453e-11
1.373002232740727635e-11
1.350736970190391517e-11
1.329532317573267619e-11
1.309167531327037892e-11
1.289464628823067116e-11
1.270301832473341719e-11
1.251617993275333518e-11
1.233393595589937775e-11
1.215624996497854937e-11
1.198298751892146186e-11
1.181381034665029972e-11
1.164824053184743136e-11
1.148577934151351343e-11
1.132602778924907128e-11
1.116873434015008826e-11
1.101380531914886163e-11
1.086126327765057908e-11
1.071122704421334504e-11
1.056387182590823315e-11
1.041937022772110311e-11
1.027786970114741294e-11
1.013945177819053356e-11
1.000412426510610686e-11
9.871813436146403831e-12
9.742380513433346323e-12
9.615646820448908727e-12
9.491419802887257617e-12
9.369516447421677441e-12
9.249795374088876088e-12
9.132162040459412822e-12
9.016580884702030119e-12
8.903064049881059816e-12
8.791661842977305241e-12
8.682443652929805467e-12
8.575483205486289506e-12
8.470840348606678560e-12
8.368538501057898316e-12
8.268559448243451016e-12
8.170856352629485286e-12
8.075354621106534125e-12
7.981991803629462368e-12
7.890727134196584558e-12
7.801531989870547079e-12
7.714375145628782349e-12
7.629196753511369167e-12
7.545886658577583006e-12
7.464313021843249629e-12
7.384339667515504857e-12
7.305878992058811860e-12
7.228907576706244953e-12
7.153449273905598815e-12
7.079554824318545769e-12
7.007259356095474345e-12
6.936550292491183711e-12
6.867379061248346517e-12
6.799676273427923689e-12
6.733387285240421960e-12
6.668476101173714810e-12
6.604912797247841638e-12
6.542643163354178171e-12
6.481593040064126399e-12
6.421696941566468197e-12
6.362932750136884863e-12
6.305342966500537827e-12
6.249006520575584034e-12
6.194000607556704452e-12
6.140375534424702408e-12
6.088149949456944654e-12
6.037330357866466102e-12
5.987890738801127100e-12
5.939762137002757569e-12
5.892823989189777123e-12
5.846932746994548680e-12
5.801966979773753863e-12
5.757839517672724838e-12
5.714489645369802417e-12
5.671874862139825169e-12
5.629973917620212376e-12
5.588776837150977173e-12
5.548281452327774588e-12
5.508475620086272784e-12
5.469335921659546074e-12
5.430840673004144747e-12
5.392983802587902886e-12
5.355761840963868536e-12
5.319160910344233884e-12
5.283163229813370165e-12
5.247743212200006724e-12
5.212875704013741895e-12
5.178525143423318156e-12
5.144665075895726858e-12
5.111268179536221368e-12
5.078327081770028784e-12
5.045827471128472297e-12
5.013764577121992971e-12
4.982140568154935778e-12
4.950958913674252670e-12
4.920226986254716550e-12
4.889949556385886353e-12
4.860129659833845039e-12
4.830772067088151545e-12
4.801882416000102793e-12
4.773466344420995711e-12
4.745530791244734203e-12
4.718087032173912121e-12
4.691149812358075266e-12
4.664726070691127546e-12
4.638817108215675944e-12
4.613421623889113476e-12
4.588529643051453277e-12
4.564121216382721613e-12
4.540182032414241675e-12
4.516685636613004817e-12
4.493612079659037306e-12
4.470937075423675466e-12
4.448645445076504501e-12
4.426719841382764642e-12
4.405156361214634941e-12
4.383949800401687469e-12
4.363094954773494294e-12
4.342587053840496480e-12
4.322420026070528110e-12
4.302582595760995332e-12
4.283066089294518264e-12
4.263865302500668975e-12
4.244969827038591603e-12
4.226365785120478336e-12
4.208042334724604316e-12
4.189985164382292737e-12
4.172191238327460638e-12
4.154651882942728136e-12
4.137363195100274282e-12
4.120317802225326176e-12
4.103507464381372927e-12
4.086927411078855599e-12
4.070577208636905198e-12
4.054452953927700776e-12
4.038545105972124460e-12
4.022844557471927374e-12
4.007334394873218741e-12
3.992008546643832645e-12
