1.283114105463027954e-01
1.212474629282951355e-01
1.159088015556335449e-01
1.117725595831871033e-01
1.085105165839195251e-01
1.059470623731613159e-01
1.039470210671424866e-01
1.024016514420509338e-01
1.012187078595161438e-01
1.003222763538360596e-01
9.965602308511734009e-02
9.918092936277389526e-02
9.887078404426574707e-02
9.870900958776473999e-02
9.868570417165756226e-02
9.879346191883087158e-02
9.902255237102508545e-02
9.935756772756576538e-02
9.977657347917556763e-02
1.002528741955757141e-01
1.007580757141113281e-01
1.012655124068260193e-01
1.017530560493469238e-01
1.022048518061637878e-01
1.026122197508811951e-01
1.029735207557678223e-01
1.032931953668594360e-01
1.035801172256469727e-01
1.038456484675407410e-01
1.041015908122062683e-01
1.043584272265434265e-01
1.046237871050834656e-01
1.049017384648323059e-01
1.051925718784332275e-01
1.054933220148086548e-01
1.057988405227661133e-01
1.061031222343444824e-01
1.064006313681602478e-01
1.066872179508209229e-01
1.069605425000190735e-01
1.072198599576950073e-01
1.074653863906860352e-01
1.076972857117652893e-01
1.079148650169372559e-01
1.081159934401512146e-01
1.082971394062042236e-01
1.084540188312530518e-01
1.085827127099037170e-01
1.086810305714607239e-01
1.087497174739837646e-01
1.087931022047996521e-01
1.088189631700515747e-01
1.088376045227050781e-01
1.088602170348167419e-01
1.088969632983207703e-01
1.089552566409111023e-01
1.090386658906936646e-01
1.091466248035430908e-01
1.092751622200012207e-01
1.094181537628173828e-01
1.095689684152603149e-01
1.097220480442047119e-01
1.098738536238670349e-01
1.100232452154159546e-01
1.101711615920066833e-01
1.103194952011108398e-01
1.104701086878776550e-01
1.106236577033996582e-01
1.107791587710380554e-01
1.109340637922286987e-01
1.110849827527999878e-01
1.112286671996116638e-01
1.113628745079040527e-01
1.114869564771652222e-01
1.116017624735832214e-01
1.117092892527580261e-01
1.118120849132537842e-01
1.119126677513122559e-01
1.120131164789199829e-01
1.121151372790336609e-01
1.122201159596443176e-01
1.123293489217758179e-01
1.124440282583236694e-01
1.125647276639938354e-01
1.126907765865325928e-01
1.128199920058250427e-01
1.129487082362174988e-01
1.130727753043174744e-01
1.131886914372444153e-01
1.132947951555252075e-01
1.133917868137359619e-01
1.134822592139244080e-01
1.135696619749069214e-01
1.136567965149879456e-01
1.137449294328689575e-01
1.138338074088096619e-01
1.139226034283638000e-01
1.140111237764358521e-01
1.141005232930183411e-01
1.141931191086769104e-01
1.142911985516548157e-01
1.143958047032356262e-01
1.145061925053596497e-01
1.146204471588134766e-01
1.147368773818016052e-01
1.148550882935523987e-01
1.149760708212852478e-01
1.151011735200881958e-01
1.152307689189910889e-01
1.153635829687118530e-01
1.154972538352012634e-01
1.156297698616981506e-01
1.157605051994323730e-01
1.158903986215591431e-01
1.160207912325859070e-01
1.161523237824440002e-01
1.162843257188796997e-01
1.164156198501586914e-01
1.165455877780914307e-01
1.166748180985450745e-01
1.168044582009315491e-01
1.169347837567329407e-01
1.170644089579582214e-01
1.171908006072044373e-01
1.173119172453880310e-01
1.174275800585746765e-01
1.175392642617225647e-01
1.176483556628227234e-01
1.177544072270393372e-01
1.178549453616142273e-01
1.179472655057907104e-01
1.180306077003479004e-01
1.181067153811454773e-01
1.181780993938446045e-01
1.182456314563751221e-01
1.183079257607460022e-01
1.183629706501960754e-01
1.184105500578880310e-01
1.184530258178710938e-01
1.184934005141258240e-01
1.185326650738716125e-01
1.185690984129905701e-01
1.186002418398857117e-01
1.186253949999809265e-01
1.186461672186851501e-01
1.186644583940505981e-01
1.186803355813026428e-01
1.186920925974845886e-01
1.186984404921531677e-01
1.187001392245292664e-01
