6.732533801290241371e-12
5.503554209584926582e-12
4.806380987654179648e-12
4.262850489267222542e-12
3.777575040969649578e-12
3.377391899136994446e-12
3.067552288571473440e-12
2.839211938471253305e-12
2.698988168375882069e-12
2.666858487515577636e-12
2.517631936260755765e-12
2.551163707370518452e-12
2.334755435859370287e-12
2.472247233320512549e-12
2.388972700217983913e-12
2.258431722884646220e-12
2.161355729807246107e-12
2.041682144529599618e-12
1.938815427648954426e-12
1.915698285767652997e-12
1.812057340115635906e-12
1.841963213899955321e-12
1.761482669795921829e-12
1.741789221534895127e-12
1.682871073396818851e-12
1.607491266833460664e-12
1.575058659886163781e-12
1.509072706205871750e-12
1.458623694917948743e-12
1.457873752275240520e-12
1.403174017949870844e-12
1.465893162064246802e-12
1.386205603429169209e-12
1.418670194340554414e-12
1.379907473009200913e-12
