8.414611021856366335e-12
7.004042311409275356e-12
6.060185773343329529e-12
5.401558107048787249e-12
4.843657593067707268e-12
4.418682867518564095e-12
4.125018469164354329e-12
3.868522689687292626e-12
3.664544362402821776e-12
3.442089061694852958e-12
3.250567133170068068e-12
3.090063578278789969e-12
2.978418293247964144e-12
2.864183933429242934e-12
2.760116354222352797e-12
2.660456490527485229e-12
2.566491290323380525e-12
2.482997748382009817e-12
2.410321942036830478e-12
2.337174507746619945e-12
2.265353703234662675e-12
2.194568745478298055e-12
2.140294452085411692e-12
2.090586384562165279e-12
2.037515555580737825e-12
1.991503750103928994e-12
1.955939750442059477e-12
1.916818700292699518e-12
1.911222699199632835e-12
1.904323270254804079e-12
1.869354063904760110e-12
1.847797739470968814e-12
1.811417552413652210e-12
1.782466969163509773e-12
1.778451084316623465e-12
