6.883640792793022101e-12
6.683243802124705368e-12
6.200064333466981381e-12
5.446979239182025978e-12
4.781988607177600770e-12
4.602269086662058584e-12
2.791016983499927662e-12
3.462966025047364838e-12
2.688552071944405597e-12
2.891861663328887389e-12
2.620025507313328283e-12
2.196103542073668535e-12
1.997094547026567746e-12
1.900416889827338807e-12
1.916353577560703236e-12
1.842055587925051086e-12
1.790258045974990608e-12
1.728796467960480587e-12
1.694301600060899027e-12
1.695584211230949379e-12
1.638022725271304214e-12
1.637447664439017903e-12
1.653084787112124587e-12
1.617526425301551996e-12
1.635177670350485002e-12
1.641997518855853322e-12
1.626170986063213419e-12
1.597516606846594023e-12
1.587845306627588826e-12
1.563852129390919110e-12
1.542112791630412261e-12
1.526684161035074538e-12
1.542783912775180788e-12
1.536208551859707949e-12
1.516657242503494096e-12
