3.456323552017415146e-12
3.314197440790200844e-12
2.716808548963722814e-12
1.892896213037675857e-12
2.357432391658642601e-12
1.875942543666520024e-12
1.563999472466159890e-12
1.606221666089480138e-12
1.565931412317311811e-12
1.492303134363603956e-12
1.475015422303105339e-12
1.460237746692127914e-12
1.451890257325727518e-12
1.459625931406194344e-12
1.426314578598097960e-12
1.417127699909759286e-12
1.402257758693903344e-12
1.379572671378337390e-12
1.369697649571122167e-12
1.343549620516637511e-12
1.310476358505618943e-12
1.287819894127406606e-12
1.265093932389937947e-12
1.260380471865274465e-12
1.242602158321726158e-12
1.226643244443825775e-12
1.240597143244148715e-12
1.201792354868502777e-12
1.195931591604915134e-12
1.186486889639959408e-12
1.172515643604876701e-12
1.153041529443343816e-12
1.184847575955161325e-12
1.156538948811347556e-12
1.147379283597538269e-12
