8.649456151310630503e-12
8.355142966376405411e-12
7.937390328338622680e-12
7.409501831534548444e-12
6.911753287763833242e-12
6.381028518076536926e-12
6.205909050538416238e-12
5.961552432265371237e-12
5.334338439716423963e-12
5.079906981175774661e-12
4.981642268836461440e-12
4.554118800820239343e-12
4.377330095617359973e-12
4.202786989954132579e-12
4.017292574987063603e-12
3.739030352695182913e-12
3.601824134086273332e-12
3.558062915479109911e-12
3.350006903823921078e-12
3.297012619515871101e-12
3.106673338720833399e-12
2.938651925965540812e-12
2.797281503652548906e-12
2.749744442559487467e-12
2.691080865091510788e-12
2.550403898488040610e-12
2.525560706748142259e-12
2.476380645682896287e-12
2.348340705921048155e-12
2.375410415242362738e-12
2.272381935397582708e-12
2.274704296451046659e-12
2.176821656957317330e-12
2.141977784378412686e-12
2.101469822810009269e-12
