1.045477853595100370e-11
9.674959618177769727e-12
9.040105469759751600e-12
8.508839466347950520e-12
8.054123340484053983e-12
7.658127604281972367e-12
7.308761235114147325e-12
6.997557915056074052e-12
6.718382794534960567e-12
6.466639723701206321e-12
6.238762544769071994e-12
6.031899806024920707e-12
5.843705727648362824e-12
5.672208796408950704e-12
5.515721560045427907e-12
5.372778610901463026e-12
5.242089748391798310e-12
5.122508320298813089e-12
5.013010839771681049e-12
4.912675301282920515e-12
4.820670772287538597e-12
4.736244382796961361e-12
4.658714386485129921e-12
4.587462354432858547e-12
4.521922766786978798e-12
4.461584313802946511e-12
4.405981655908330907e-12
4.354691086894124652e-12
4.307327064467791899e-12
4.263540909210661312e-12
4.223013432003153156e-12
4.185456668748255282e-12
4.150608676201095193e-12
4.118230062521988089e-12
4.088107023042519828e-12
