1.323654800653457642e-01
1.268838346004486084e-01
1.220067664980888367e-01
1.175263300538063049e-01
1.133365407586097717e-01
1.093738451600074768e-01
1.055957525968551636e-01
1.019733250141143799e-01
9.848702698945999146e-02
9.512376785278320312e-02
9.187476336956024170e-02
8.873403072357177734e-02
8.569746464490890503e-02
8.276220411062240601e-02
7.992614060640335083e-02
7.718767970800399780e-02
7.454542070627212524e-02
7.199802994728088379e-02
6.954414397478103638e-02
6.718222796916961670e-02
6.491059809923171997e-02
6.272732466459274292e-02
6.063029915094375610e-02
5.861722305417060852e-02
5.668562278151512146e-02
5.483287200331687927e-02
5.305624753236770630e-02
5.135295167565345764e-02
4.972011968493461609e-02
4.815487563610076904e-02
4.665435105562210083e-02
4.521571844816207886e-02
4.383618384599685669e-02
4.251305013895034790e-02
4.124367609620094299e-02
