1.513395311847354208e-11
1.395768656903273452e-11
1.324451312512131551e-11
1.274043197330154698e-11
1.234892570145529334e-11
1.202066397809620213e-11
1.172852787112432793e-11
1.146233281901221090e-11
1.121857641506185388e-11
1.099416044314516228e-11
1.078587653219331699e-11
1.059096300243256294e-11
1.040702246601910019e-11
1.023190907001314542e-11
1.006387334578917603e-11
9.901803335599090872e-12
9.745283573170393510e-12
9.594389518974288933e-12
9.449314594678348556e-12
9.310026707898266807e-12
9.176081769424193624e-12
9.046660122413729965e-12
8.920772107123831063e-12
8.797500054835705185e-12
8.676174362287625286e-12
8.556446350060920025e-12
8.438273517430427972e-12
8.321808520062035086e-12
8.207297688689330073e-12
8.094983017237211698e-12
7.985063998905417293e-12
7.877691554636356841e-12
7.772971502562064927e-12
7.670990578856340392e-12
7.571802559946938516e-12
7.475439538218164870e-12
7.381878094903093768e-12
7.291060116765279986e-12
7.202887591928330835e-12
7.117249931770652793e-12
7.034029608776748432e-12
6.953102156537216416e-12
6.874332700301799548e-12
6.797568584404611869e-12
6.722638071221531675e-12
6.649360315830188384e-12
6.577564014287329286e-12
6.507094776203592446e-12
6.437830303573921498e-12
6.369679089734958666e-12
6.302587358258948669e-12
6.236510873697254098e-12
6.171426217282949267e-12
6.107305633440418546e-12
6.044117463466225360e-12
5.981827012890850170e-12
5.920403924053463385e-12
5.859822176101925351e-12
5.800068324929297248e-12
5.741135865322544163e-12
5.683021761515583137e-12
5.625719941976248251e-12
5.569231707747146487e-12
5.513556625147408852e-12
5.458698597304856293e-12
5.404664563113392717e-12
5.351454088892149130e-12
5.299065873598518550e-12
5.247496014104680029e-12
5.196747546176716526e-12
5.146821770857235023e-12
5.097723024954925464e-12
5.049454344235870806e-12
5.002017463423547028e-12
4.955421489816203007e-12
4.909682035925122534e-12
4.864835097262432129e-12
4.820918404063734286e-12
4.777966650798548542e-12
4.736009761446835498e-12
4.695061180115533972e-12
4.655120906804643965e-12
4.616183303662868553e-12
4.578229722412840985e-12
4.541244984224146464e-12
4.505203068244645337e-12
4.470077086260459964e-12
4.435833644844677792e-12
4.402430676953006383e-12
4.369826982902891288e-12
4.337985266139599005e-12
4.306867362746658046e-12
4.276434241445858930e-12
4.246649906725075141e-12
4.217482266200001106e-12
4.188902696933283210e-12
4.160892984328423694e-12
4.133441419001959716e-12
4.106538026293904409e-12
4.080175433629484871e-12
4.054346268433928202e-12
4.029043591813330494e-12
4.004257862788573874e-12
3.979979540380540470e-12
3.956192144716208503e-12
3.932880063284294181e-12
3.910030719339596672e-12
3.887633270860391121e-12
3.865672539016262732e-12
3.844138115466355643e-12
3.823013954018517069e-12
3.802287044246677183e-12
3.781941773639552196e-12
3.761961228643251332e-12
3.742325893618669852e-12
3.723022758139737931e-12
3.704036209695171777e-12
3.685358008348460501e-12
3.666976011035272265e-12
3.648885013585179138e-12
3.631080679189491178e-12
3.613558237358649450e-12
3.596312267081791525e-12
3.579340816795006930e-12
3.562636730763957260e-12
3.546192853254304111e-12
3.530001811691274582e-12
3.514057100861833760e-12
3.498350047148601760e-12
3.482871976934198699e-12
3.467615951324720669e-12
3.452568959894097844e-12
3.437725581631467797e-12
3.423076709238581650e-12
3.408613018576756026e-12
3.394329955996866488e-12
3.380222317328485104e-12
3.366285548922487436e-12
3.352514446608445553e-12
3.338902938854193536e-12
3.325445387808434461e-12
3.312136589300740397e-12
3.298973507565028385e-12
3.285952673154346471e-12
3.273071050302611695e-12
3.260330807414169030e-12
3.247731077127280486e-12
3.235271859441946063e-12
3.222953588039034756e-12
3.210776046078112067e-12
