1.284350901842117310e-01
1.212134957313537598e-01
1.157655939459800720e-01
1.115431115031242371e-01
1.082126572728157043e-01
1.055994629859924316e-01
1.035655438899993896e-01
1.019954159855842590e-01
1.007872968912124634e-01
9.984771907329559326e-02
9.909991919994354248e-02
9.849051386117935181e-02
9.798882901668548584e-02
9.758205711841583252e-02
9.726872295141220093e-02
9.705200046300888062e-02
9.693351387977600098e-02
9.690896421670913696e-02
9.696601331233978271e-02
9.708481281995773315e-02
9.724065661430358887e-02
9.740790724754333496e-02
9.756404906511306763e-02
9.769290685653686523e-02
9.778635203838348389e-02
9.784427285194396973e-02
9.787348657846450806e-02
9.788570553064346313e-02
9.789529442787170410e-02
9.791709482669830322e-02
9.796448051929473877e-02
9.804785251617431641e-02
9.817366302013397217e-02
9.834399819374084473e-02
9.855667501688003540e-02
9.880599379539489746e-02
9.908390790224075317e-02
9.938137978315353394e-02
9.968993067741394043e-02
1.000027507543563843e-01
1.003154665231704712e-01
1.006262227892875671e-01
1.009352728724479675e-01
1.012441068887710571e-01
1.015543863177299500e-01
1.018669903278350830e-01
1.021813601255416870e-01
1.024953052401542664e-01
1.028053462505340576e-01
1.031074896454811096e-01
1.033981367945671082e-01
1.036750078201293945e-01
1.039376929402351379e-01
1.041876897215843201e-01
1.044279709458351135e-01
1.046621575951576233e-01
1.048935502767562866e-01
1.051242873072624207e-01
1.053549051284790039e-01
1.055842936038970947e-01
1.058102548122406006e-01
1.060303151607513428e-01
1.062426790595054626e-01
1.064467802643775940e-01
1.066436618566513062e-01
1.068354621529579163e-01
1.070247069001197815e-01
1.072132810950279236e-01
1.074016392230987549e-01
1.075884103775024414e-01
1.077706441283226013e-01
1.079446002840995789e-01
1.081068962812423706e-01
1.082556396722793579e-01
1.083910614252090454e-01
1.085155755281448364e-01
1.086329445242881775e-01
1.087470799684524536e-01
1.088609546422958374e-01
1.089758574962615967e-01
1.090916246175765991e-01
1.092072874307632446e-01
1.093220114707946777e-01
1.094356626272201538e-01
1.095486506819725037e-01
1.096614450216293335e-01
1.097741276025772095e-01
1.098862886428833008e-01
1.099974960088729858e-01
1.101074069738388062e-01
1.102155297994613647e-01
1.103203892707824707e-01
1.104192212224006653e-01
1.105089634656906128e-01
1.105879470705986023e-01
1.106572523713111877e-01
1.107203513383865356e-01
1.107812449336051941e-01
1.108425557613372803e-01
1.109050214290618896e-01
1.109683439135551453e-01
1.110319271683692932e-01
1.110947877168655396e-01
1.111552715301513672e-01
1.112116426229476929e-01
1.112636402249336243e-01
1.113130673766136169e-01
1.113626733422279358e-01
1.114143505692481995e-01
1.114686056971549988e-01
1.115254610776901245e-01
1.115853115916252136e-01
1.116481646895408630e-01
1.117129772901535034e-01
1.117784678936004639e-01
1.118441969156265259e-01
1.119103729724884033e-01
1.119764521718025208e-01
1.120411828160285950e-01
1.121039688587188721e-01
1.121652200818061829e-01
1.122253313660621643e-01
1.122843027114868164e-01
1.123427227139472961e-01
1.124020516872406006e-01
1.124632880091667175e-01
1.125265210866928101e-01
1.125920861959457397e-01
1.126607507467269897e-01
1.127324476838111877e-01
1.128064021468162537e-01
1.128823682665824890e-01
1.129604503512382507e-01
1.130400523543357849e-01
1.131207868456840515e-01
1.132033243775367737e-01
1.132879778742790222e-01
1.133745834231376648e-01
1.134636476635932922e-01
1.135556548833847046e-01
1.136502996087074280e-01
1.137477755546569824e-01
1.138485372066497803e-01
1.139523088932037354e-01
1.140588670969009399e-01
1.141684427857398987e-01
1.142805516719818115e-01
1.143948510289192200e-01
1.145115047693252563e-01
1.146299764513969421e-01
