1.013238451474940405e-11
8.508225374237454730e-12
7.730441287101541548e-12
7.190602280271463087e-12
6.806126842673343447e-12
6.497702549623785018e-12
6.211189548799289639e-12
5.945908695959012391e-12
5.708653168234878450e-12
5.489097024136135872e-12
5.279232780097675715e-12
5.083464031663265104e-12
4.906905611001821654e-12
4.747768584528744285e-12
4.601487593736131032e-12
4.465838289446910636e-12
4.340360536259080249e-12
4.223928498636730922e-12
4.115143989458225349e-12
4.013288833204509132e-12
3.917801413150234779e-12
3.827662145572396923e-12
3.741690117464724352e-12
3.659256057886306479e-12
3.580442149361817705e-12
3.505458510272285721e-12
3.434118007322739530e-12
3.366019268868924996e-12
3.300913362092039449e-12
3.238633753538389115e-12
3.178973143752594765e-12
3.121970997693734873e-12
3.068103713796399568e-12
3.017756183831821204e-12
2.970574741051335010e-12
