1.286135911941528320e-01
1.110319122672080994e-01
1.027285978198051453e-01
9.794319421052932739e-02
9.563428163528442383e-02
9.462705999612808228e-02
9.416981786489486694e-02
9.404550492763519287e-02
9.399653226137161255e-02
9.368895739316940308e-02
9.302760660648345947e-02
9.219545871019363403e-02
9.146604686975479126e-02
9.102944284677505493e-02
9.092768281698226929e-02
9.105976670980453491e-02
9.122076630592346191e-02
9.119032323360443115e-02
9.084715694189071655e-02
9.021783620119094849e-02
8.943478018045425415e-02
8.865274488925933838e-02
8.797823637723922729e-02
8.743922412395477295e-02
8.699492365121841431e-02
8.657159656286239624e-02
8.610752224922180176e-02
8.558727800846099854e-02
8.504749089479446411e-02
8.455384522676467896e-02
8.416537940502166748e-02
8.390526473522186279e-02
8.375009894371032715e-02
8.363988995552062988e-02
8.350500464439392090e-02
