1.013238451474940405e-11
9.756005031613668166e-12
9.451730197118646259e-12
9.201892720023252537e-12
8.992603536817078691e-12
8.813789975636865393e-12
8.658421202234478642e-12
8.521587949172904075e-12
8.399765258348956820e-12
8.290330227866959945e-12
8.191237618748736793e-12
8.100834239521681468e-12
8.017742719745868385e-12
7.940794723160227164e-12
7.869008396277354933e-12
7.801552806552258801e-12
7.737744472935403905e-12
7.677031753361429622e-12
7.618971425982223877e-12
7.563219148187805274e-12
7.509509507286349361e-12
7.457633469099000934e-12
7.407435775874660067e-12
7.358782853905676546e-12
7.311578426039133660e-12
7.265732720335149608e-12
7.221174613131209341e-12
7.177827776594369880e-12
7.135634964849923989e-12
7.094530692086653545e-12
7.054455977706375336e-12
7.015357045281334081e-12
6.977176648936822545e-12
6.939871420585941308e-12
6.903392787971363020e-12
