1.286135911941528320e-01
1.261288374662399292e-01
1.239601969718933105e-01
1.220488697290420532e-01
1.203511059284210205e-01
1.188310757279396057e-01
1.174604296684265137e-01
1.162167340517044067e-01
1.150821298360824585e-01
1.140423193573951721e-01
1.130858287215232849e-01
1.122034192085266113e-01
1.113875359296798706e-01
1.106317341327667236e-01
1.099303662776947021e-01
1.092784181237220764e-01
1.086714044213294983e-01
1.081052049994468689e-01
1.075760647654533386e-01
1.070805191993713379e-01
1.066154241561889648e-01
1.061778962612152100e-01
1.057653203606605530e-01
1.053753271698951721e-01
1.050058156251907349e-01
1.046548634767532349e-01
1.043207794427871704e-01
1.040020734071731567e-01
1.036974191665649414e-01
1.034057140350341797e-01
1.031259298324584961e-01
1.028572767972946167e-01
1.025990396738052368e-01
1.023506745696067810e-01
1.021116971969604492e-01
