6.892237648659094162e-12
6.892221168786072383e-12
6.892209025721740545e-12
6.892202954189574626e-12
6.892194280572194742e-12
6.892187341678290835e-12
6.892176065975696986e-12
6.892168259720055090e-12
6.892160453464413195e-12
6.892153514570509287e-12
6.892143973591391415e-12
6.892140937825308455e-12
6.892132697888797566e-12
6.892124024271417682e-12
6.892121422186203716e-12
6.892117952739251763e-12
6.892111881207085844e-12
6.892103207589705960e-12
6.892096268695802053e-12
6.892092799248850099e-12
6.892091064525374122e-12
6.892084992993208203e-12
6.892077186737566308e-12
6.892072849928876366e-12
6.892070247843662401e-12
6.892061574226282517e-12
6.892057237417592575e-12
6.892050298523688667e-12
6.892045961714998725e-12
6.892044226991522748e-12
6.892041624906308783e-12
6.892037288097618841e-12
6.892030782884583928e-12
6.892023843990680021e-12
6.892024277671549015e-12
6.892017338777645108e-12
6.892015604054169131e-12
6.892007797798527235e-12
6.892002593628099305e-12
6.892000858904623328e-12
6.891996955776802380e-12
6.891993052648981433e-12
6.891992185287243444e-12
6.891984379031601549e-12
6.891982644308125572e-12
6.891976139095090659e-12
6.891977006456828647e-12
6.891973103329007699e-12
6.891967031796841781e-12
6.891962694988151839e-12
6.891960092902937873e-12
6.891953154009033966e-12
6.891952286647295978e-12
6.891952720328164972e-12
6.891945781434261065e-12
6.891946215115130059e-12
6.891935806774274198e-12
6.891934939412536210e-12
6.891932771008191239e-12
6.891925398433418337e-12
6.891926699476025320e-12
6.891921061624728395e-12
6.891918025858645436e-12
6.891915857454300465e-12
6.891912821688217505e-12
6.891909352241265552e-12
6.891905015432575610e-12
6.891901979666492650e-12
6.891899377581278685e-12
6.891895908134326731e-12
6.891892872368243772e-12
6.891887234516946847e-12
6.891885499793470871e-12
6.891883765069994894e-12
6.891879861942173946e-12
6.891880295623042940e-12
6.891877259856959981e-12
6.891870320963056074e-12
6.891867718877842108e-12
6.891864249430890155e-12
6.891862081026545184e-12
6.891855575813510271e-12
6.891856009494379265e-12
6.891856009494379265e-12
6.891852540047427311e-12
6.891847335876999381e-12
6.891847769557868375e-12
6.891839095940488491e-12
6.891837794897881508e-12
6.891832590727453578e-12
6.891832590727453578e-12
6.891833024408322572e-12
6.891827386557025648e-12
6.891825651833549671e-12
6.891821748705728723e-12
6.891816110854431798e-12
6.891815677173562804e-12
6.891810039322265879e-12
6.891808304598789903e-12
6.891807437237051914e-12
6.891806569875313926e-12
6.891805268832706943e-12
6.891798763619672030e-12
6.891796161534458065e-12
6.891793559449244100e-12
6.891790957364030135e-12
6.891785319512733210e-12
6.891783151108388239e-12
6.891783151108388239e-12
6.891779681661436285e-12
6.891777946937960309e-12
6.891777946937960309e-12
6.891774911171877349e-12
6.891769273320580425e-12
6.891767538597104448e-12
6.891761467064938529e-12
6.891759298660593558e-12
6.891762334426676517e-12
6.891758864979724564e-12
6.891757130256248587e-12
6.891754528171034622e-12
6.891751058724082668e-12
6.891745854553654738e-12
6.891743252468440772e-12
6.891741517744964796e-12
6.891738048298012842e-12
6.891736747255405859e-12
6.891732844127584912e-12
6.891731109404108935e-12
6.891728073638025975e-12
6.891725905233681004e-12
6.891720701063253074e-12
6.891721568424991062e-12
6.891718098978039109e-12
6.891715496892825144e-12
6.891712894807611178e-12
6.891713762169349167e-12
6.891710726403266207e-12
6.891708557998921236e-12
6.891702920147624312e-12
6.891700751743279341e-12
6.891696414934589399e-12
6.891695547572851410e-12
6.891694246530244428e-12
6.891691210764161468e-12
6.891686006593733538e-12
6.891688608678947503e-12
6.891685139231995549e-12
6.891680802423305607e-12
6.891682537146781584e-12
