1.601000875234603882e-02
1.601005904376506805e-02
1.601010933518409729e-02
1.601015031337738037e-02
1.601019501686096191e-02
1.601023226976394653e-02
1.601027138531208038e-02
1.601030677556991577e-02
1.601034216582775116e-02
1.601037196815013885e-02
1.601040735840797424e-02
1.601044088602066040e-02
1.601046696305274963e-02
1.601049862802028656e-02
1.601052656769752502e-02
1.601055450737476349e-02
1.601058058440685272e-02
1.601060666143894196e-02
1.601063460111618042e-02
1.601066254079341888e-02
1.601068861782550812e-02
1.601070910692214966e-02
1.601073518395423889e-02
1.601075567305088043e-02
1.601077988743782043e-02
1.601080037653446198e-02
1.601082459092140198e-02
1.601084694266319275e-02
1.601086929440498352e-02
1.601089350879192352e-02
1.601091586053371429e-02
1.601093262434005737e-02
1.601095497608184814e-02
1.601097732782363892e-02
1.601099409162998199e-02
1.601101458072662354e-02
1.601103320717811584e-02
1.601105183362960815e-02
1.601107046008110046e-02
1.601109094917774200e-02
1.601111143827438354e-02
1.601113379001617432e-02
1.601114682853221893e-02
1.601116731762886047e-02
1.601118408143520355e-02
1.601120457053184509e-02
1.601121947169303894e-02
1.601123809814453125e-02
1.601125672459602356e-02
1.601126976311206818e-02
1.601129025220870972e-02
1.601130515336990356e-02
1.601132377982139587e-02
1.601134054362773895e-02
1.601136103272438049e-02
1.601137779653072357e-02
1.601139083504676819e-02
1.601140573620796204e-02
1.601142436265945435e-02
1.601143740117549896e-02
1.601145416498184204e-02
1.601147092878818512e-02
1.601148769259452820e-02
1.601150073111057281e-02
1.601151749491691589e-02
1.601153239607810974e-02
1.601154915988445282e-02
1.601156406104564667e-02
1.601158082485198975e-02
1.601159945130348206e-02
1.601161435246467590e-02
1.601162366569042206e-02
1.601163856685161591e-02
1.601165719330310822e-02
1.601166650652885437e-02
1.601168513298034668e-02
1.601169817149639130e-02
1.601171493530273438e-02
1.601172424852848053e-02
1.601174101233482361e-02
1.601175405085086823e-02
1.601176895201206207e-02
1.601178571581840515e-02
1.601180247962474823e-02
1.601181551814079285e-02
1.601183041930198669e-02
1.601184532046318054e-02
1.601185277104377747e-02
1.601186953485012054e-02
1.601188257336616516e-02
1.601189747452735901e-02
1.601191051304340363e-02
1.601192355155944824e-02
1.601193845272064209e-02
1.601195149123668671e-02
1.601196080446243286e-02
1.601197570562362671e-02
1.601198688149452209e-02
1.601200364530086517e-02
1.601201854646205902e-02
1.601202972233295441e-02
1.601204648613929749e-02
1.601205766201019287e-02
1.601207442581653595e-02
1.601208187639713287e-02
1.601209677755832672e-02
1.601210981607437134e-02
1.601212285459041595e-02
1.601213403046131134e-02
1.601214706897735596e-02
1.601216010749340057e-02
1.601217500865459442e-02
1.601218804717063904e-02
1.601219549775123596e-02
1.601221039891242981e-02
1.601222157478332520e-02
1.601223461329936981e-02
1.601224765181541443e-02
1.601226069033145905e-02
1.601227372884750366e-02
1.601228863000869751e-02
1.601230166852474213e-02
1.601230911910533905e-02
1.601232215762138367e-02
1.601233519613742828e-02
1.601234823465347290e-02
1.601235941052436829e-02
1.601237058639526367e-02
1.601238176226615906e-02
1.601239666342735291e-02
1.601240970194339752e-02
1.601242087781429291e-02
1.601243019104003906e-02
1.601244136691093445e-02
1.601245440542697906e-02
1.601246744394302368e-02
1.601248048245906830e-02
1.601249352097511292e-02
1.601250469684600830e-02
1.601251773536205292e-02
1.601253077387809753e-02
1.601254194974899292e-02
1.601254940032958984e-02
1.601256430149078369e-02
1.601257175207138062e-02
1.601258665323257446e-02
1.601259782910346985e-02
1.601260900497436523e-02
1.601261831820011139e-02
1.601263135671615601e-02
