7.608467675335184310e-12
6.763332949244471592e-12
6.264455534171764484e-12
5.924418507857742711e-12
5.662574575904244512e-12
5.442837153202262357e-12
5.247205014241584919e-12
5.067793407143028617e-12
4.901545749141922315e-12
4.747049541647951898e-12
4.603281297810291051e-12
4.469157682818192256e-12
4.343471762813244652e-12
4.225095100174325324e-12
4.113151659546065986e-12
4.007055538074455470e-12
3.906403846232198163e-12
3.810872624410155396e-12
3.720113193189655831e-12
3.633704448446906099e-12
3.551175629598612993e-12
3.472071588572767098e-12
3.396036273375924175e-12
3.322830725849268418e-12
3.252317902838197661e-12
3.184411935530651050e-12
3.119037363455423595e-12
3.056098776821336571e-12
2.995462385080305268e-12
2.936979435694264673e-12
2.880477540517789592e-12
2.825791250299358737e-12
2.772768559894389639e-12
2.721280449244356525e-12
2.671226521228087236e-12
