1.284148097038269043e-01
1.211022585630416870e-01
1.155121624469757080e-01
1.111607030034065247e-01
1.077526211738586426e-01
1.051166653633117676e-01
1.031121313571929932e-01
1.016228795051574707e-01
1.005446165800094604e-01
9.978304058313369751e-02
9.925612062215805054e-02
9.889476001262664795e-02
9.864352643489837646e-02
9.846204519271850586e-02
9.832500666379928589e-02
9.821963310241699219e-02
9.814138710498809814e-02
9.808928519487380981e-02
9.806192666292190552e-02
9.805491566658020020e-02
9.806006401777267456e-02
9.806633740663528442e-02
9.806188941001892090e-02
9.803628921508789062e-02
9.798213839530944824e-02
9.789595007896423340e-02
9.777840971946716309e-02
9.763389080762863159e-02
9.746938943862915039e-02
9.729335457086563110e-02
9.711417555809020996e-02
9.693908691406250000e-02
9.677317738533020020e-02
9.661903977394104004e-02
9.647689014673233032e-02
