1.045477853595100370e-11
1.022024999353110530e-11
1.001336860650958727e-11
9.827645641724558345e-12
9.658718269633936870e-12
9.503490876194842230e-12
9.359686636845054863e-12
9.225563889214694058e-12
9.099767814269021926e-12
8.981217679282504918e-12
8.869033112091084803e-12
8.762490733005279253e-12
8.660986858255448340e-12
8.564015815948344823e-12
8.471147394661926455e-12
8.382007761487120234e-12
8.296277727304346428e-12
8.213680603719186735e-12
8.133970927359790437e-12
8.056931857791660434e-12
7.982376912241129219e-12
7.910134353084075087e-12
7.840053259378088057e-12
7.772000057415517915e-12
7.705850714467832319e-12
7.641495942956044729e-12
7.578835128918548492e-12
7.517776332011116835e-12
7.458240622315592816e-12
7.400146467828605523e-12
7.343427949058067838e-12
7.288022615958844597e-12
7.233867151124062644e-12
7.180909946530311672e-12
7.129100261515919357e-12
