1.323654800653457642e-01
1.307953447103500366e-01
1.293672770261764526e-01
1.280486583709716797e-01
1.268174201250076294e-01
1.256579011678695679e-01
1.245584040880203247e-01
1.235100030899047852e-01
1.225055903196334839e-01
1.215395554900169373e-01
1.206072568893432617e-01
1.197049021720886230e-01
1.188293173909187317e-01
1.179778277873992920e-01
1.171481385827064514e-01
1.163382679224014282e-01
1.155465543270111084e-01
1.147714853286743164e-01
1.140117794275283813e-01
1.132662668824195862e-01
1.125339642167091370e-01
1.118139401078224182e-01
1.111053973436355591e-01
1.104075983166694641e-01
1.097199022769927979e-01
1.090417131781578064e-01
1.083724796772003174e-01
1.077117398381233215e-01
1.070590391755104065e-01
1.064139753580093384e-01
1.057761758565902710e-01
1.051453128457069397e-01
1.045210584998130798e-01
1.039031520485877991e-01
1.032912954688072205e-01
