1.323654800653457642e-01
1.318166851997375488e-01
1.313167661428451538e-01
1.308549195528030396e-01
1.304238587617874146e-01
1.300184130668640137e-01
1.296346932649612427e-01
1.292696893215179443e-01
1.289210170507431030e-01
1.285867244005203247e-01
1.282652318477630615e-01
1.279551833868026733e-01
1.276554912328720093e-01
1.273651719093322754e-01
1.270834505558013916e-01
1.268095821142196655e-01
1.265429556369781494e-01
1.262830346822738647e-01
1.260293424129486084e-01
1.257814317941665649e-01
1.255389451980590820e-01
1.253015249967575073e-01
1.250688880681991577e-01
1.248407363891601562e-01
1.246168166399002075e-01
1.243968829512596130e-01
1.241807565093040466e-01
1.239682212471961975e-01
1.237591058015823364e-01
1.235532388091087341e-01
1.233504712581634521e-01
1.231506615877151489e-01
1.229536756873130798e-01
1.227593794465065002e-01
1.225676760077476501e-01
