1.045477853595100370e-11
1.037273739123989458e-11
1.029869071966782457e-11
1.023085262341627555e-11
1.016801920439291962e-11
1.010933003975367228e-11
1.005414588389763608e-11
1.000197667744284757e-11
9.952437311777639906e-12
9.905217271399813228e-12
9.860062419320136939e-12
9.816762853998017846e-12
9.775143368362382290e-12
9.735049572023868336e-12
9.696351360721777723e-12
9.658937712153647936e-12
9.622710614443086286e-12
9.587582464054555942e-12
9.553475198431637949e-12
9.520320295997031224e-12
9.488056174067338588e-12
9.456626454129590797e-12
9.425981696564722512e-12
9.396076798562358334e-12
9.366870126759074822e-12
9.338321782514924507e-12
9.310396203998649867e-12
9.283065635634635271e-12
9.256297985038575149e-12
9.230062894549639907e-12
9.204342149571331788e-12
9.179108861889773152e-12
9.154337010652824347e-12
9.130012718072677558e-12
9.106112565382407098e-12
