1.013238451474940405e-11
9.080040538900213676e-12
8.487325425798886158e-12
8.095597109347707487e-12
7.809203804443054509e-12
7.578498592564208991e-12
7.378750388475907585e-12
7.200489770403661893e-12
7.039127093710906280e-12
6.891210692361315893e-12
6.754367898320623453e-12
6.627209198084571540e-12
6.508727584675355615e-12
6.397929061541240969e-12
6.293793177597484245e-12
6.195423514487874428e-12
6.102143963737649557e-12
6.013477476390916010e-12
5.929045449049041849e-12
5.848449328993421403e-12
5.771217705119457975e-12
5.696812813149598753e-12
5.624725511743644546e-12
5.554558982906465658e-12
5.486075135840984274e-12
5.419193305905567470e-12
5.353939080271485906e-12
5.290392256218634515e-12
5.228646508814716043e-12
5.168775130126590511e-12
5.110817151432467398e-12
5.054768669604525755e-12
5.000584581832390185e-12
4.948180754027475814e-12
4.897458740632520957e-12
