1.286135911941528320e-01
1.207899376749992371e-01
1.151280403137207031e-01
1.108606308698654175e-01
1.075490862131118774e-01
1.049542650580406189e-01
1.029091179370880127e-01
1.012906432151794434e-01
1.000030860304832458e-01
9.897175431251525879e-02
9.814204275608062744e-02
9.747542440891265869e-02
9.694476425647735596e-02
9.653121232986450195e-02
9.622099995613098145e-02
9.600207209587097168e-02
9.586134552955627441e-02
9.578332304954528809e-02
9.575003385543823242e-02
9.574193507432937622e-02
9.574010223150253296e-02
9.572850167751312256e-02
9.569621831178665161e-02
9.563849121332168579e-02
9.555653482675552368e-02
9.545618295669555664e-02
9.534599632024765015e-02
9.523526579141616821e-02
9.513244777917861938e-02
9.504413604736328125e-02
9.497436136007308960e-02
9.492447227239608765e-02
9.489326179027557373e-02
9.487757086753845215e-02
9.487304836511611938e-02
