3.357439109716309211e-12
3.357431737141536310e-12
3.357426099290239385e-12
3.357421111960245952e-12
3.357414606747211039e-12
3.357410269938521097e-12
3.357405933129831155e-12
3.357400945799837721e-12
3.357398126874189259e-12
3.357394006905933814e-12
3.357389236416374878e-12
3.357385983809857422e-12
3.357382297522470971e-12
3.357378394394650023e-12
3.357374924947698069e-12
3.357372106022049607e-12
3.357369287096401145e-12
3.357364950287711203e-12
3.357361914521628243e-12
3.357358661915110787e-12
3.357356710351200313e-12
3.357353674585117354e-12
3.357349771457296406e-12
3.357347819893385932e-12
3.357345651489040961e-12
3.357342398882523504e-12
3.357339796797309539e-12
3.357337194712095574e-12
3.357334375786447112e-12
3.357332641062971135e-12
3.357329605296888175e-12
3.357327003211674210e-12
3.357325051647763736e-12
3.357321799041246280e-12
3.357320281158204800e-12
3.357317895913425332e-12
3.357315727509080361e-12
3.357313775945169887e-12
3.357311173859955922e-12
3.357309222296045448e-12
3.357307053891700477e-12
3.357304885487355506e-12
3.357302283402141541e-12
3.357300548678665564e-12
3.357298380274320593e-12
3.357296211869975622e-12
3.357294043465630651e-12
3.357292308742154674e-12
3.357289923497375206e-12
3.357288622454768223e-12
3.357286237209988755e-12
3.357283851965209287e-12
3.357282334082167807e-12
3.357280382518257333e-12
3.357278647794781357e-12
3.357276262550001888e-12
3.357274527826525912e-12
3.357273009943484432e-12
3.357270624698704964e-12
3.357269540496532478e-12
3.357266938411318513e-12
3.357264986847408039e-12
3.357263685804801057e-12
3.357262167921759577e-12
3.357260433198283600e-12
3.357258481634373126e-12
3.357256313230028155e-12
3.357255012187421173e-12
3.357253277463945196e-12
3.357251542740469219e-12
3.357250241697862236e-12
3.357247639612648271e-12
3.357246772250910283e-12
3.357244820686999809e-12
3.357242869123089335e-12
3.357240917559178861e-12
3.357240267037875370e-12
3.357238965995268387e-12
3.357237231271792410e-12
3.357235496548316434e-12
3.357233328143971463e-12
3.357231593420495486e-12
3.357229858697019509e-12
3.357228557654412526e-12
3.357227256611805544e-12
3.357225738728764064e-12
3.357224654526591578e-12
3.357222052441377613e-12
3.357221618760508619e-12
3.357219233515729151e-12
3.357217715632687671e-12
3.357215764068777197e-12
3.357214679866604712e-12
3.357212945143128735e-12
3.357212077781390747e-12
3.357210776738783764e-12
3.357208608334438793e-12
3.357207740972700805e-12
3.357206223089659325e-12
3.357203621004445360e-12
3.357201886280969383e-12
3.357201452600100389e-12
3.357199934717058909e-12
3.357198633674451926e-12
3.357196682110541452e-12
3.357195597908368967e-12
3.357193863184892990e-12
3.357192562142286008e-12
3.357190610578375534e-12
3.357189960057072042e-12
3.357188225333596066e-12
3.357187357971858077e-12
3.357185406407947603e-12
3.357184322205775118e-12
3.357182370641864644e-12
3.357181720120561152e-12
3.357180419077954170e-12
3.357178250673609199e-12
3.357176732790567719e-12
3.357175214907526239e-12
3.357174781226657245e-12
3.357173697024484760e-12
3.357172179141443280e-12
3.357171311779705292e-12
3.357169577056229315e-12
3.357167842332753338e-12
3.357166974971015350e-12
3.357165023407104876e-12
3.357163722364497893e-12
3.357162204481456413e-12
3.357161120279283928e-12
3.357159602396242448e-12
3.357158518194069963e-12
3.357157000311028483e-12
3.357155699268421500e-12
3.357155265587552506e-12
3.357153530864076529e-12
3.357152663502338541e-12
3.357149844576690079e-12
3.357149194055386587e-12
3.357148760374517593e-12
3.357146591970172622e-12
3.357145507768000137e-12
3.357144857246696645e-12
3.357143556204089663e-12
3.357142255161482680e-12
3.357140086757137709e-12
3.357139653076268715e-12
3.357137050991054750e-12
3.357135966788882264e-12
3.357135099427144276e-12
3.357133798384537293e-12
3.357132497341930311e-12
3.357132280501495813e-12
3.357131413139757825e-12
3.357129244735412854e-12
3.357128377373674866e-12
3.357126859490633386e-12
3.357126208969329895e-12
3.357123606884115929e-12
3.357122739522377941e-12
3.357122089001074450e-12
3.357120571118032970e-12
3.357119703756294982e-12
3.357117752192384508e-12
3.357117318511515514e-12
3.357115800628474034e-12
3.357114933266736045e-12
3.357113632224129063e-12
3.357111897500653086e-12
3.357111030138915098e-12
3.357109729096308115e-12
3.357108428053701132e-12
3.357107343851528647e-12
3.357106259649356161e-12
3.357104524925880185e-12
3.357104091245011190e-12
3.357103223883273202e-12
3.357101489159797225e-12
3.357100621798059237e-12
3.357099320755452254e-12
3.357098019712845272e-12
3.357097152351107283e-12
3.357096068148934798e-12
3.357094116585024324e-12
3.357093249223286335e-12
3.357091948180679353e-12
3.357091080818941364e-12
3.357089346095465388e-12
3.357089129255030890e-12
3.357088045052858405e-12
3.357086960850685919e-12
3.357085226127209943e-12
3.357084575605906451e-12
3.357083274563299469e-12
3.357081973520692486e-12
3.357080455637651006e-12
3.357079371435478521e-12
3.357078504073740532e-12
3.357076986190699053e-12
3.357076552509830059e-12
3.357075251467223076e-12
3.357073950424616093e-12
3.357072866222443608e-12
3.357071998860705619e-12
3.357070480977664140e-12
3.357069396775491654e-12
3.357067878892450175e-12
3.357067011530712186e-12
3.357065927328539701e-12
3.357064843126367215e-12
3.357064626285932718e-12
3.357062674722022244e-12
3.357062024200718753e-12
3.357060723158111770e-12
3.357059422115504788e-12
3.357058554753766799e-12
3.357057470551594314e-12
3.357055518987683840e-12
3.357054434785511354e-12
3.357054217945076857e-12
3.357052916902469875e-12
3.357051832700297389e-12
3.357050965338559401e-12
3.357049447455517921e-12
3.357048363253345435e-12
3.357047712732041944e-12
3.357046411689434962e-12
3.357045544327696973e-12
3.357044243285089991e-12
3.357042725402048511e-12
3.357041641199876025e-12
3.357040556997703540e-12
3.357039039114662060e-12
3.357038605433793066e-12
3.357037304391186083e-12
3.357037304391186083e-12
3.357036220189013598e-12
3.357035569667710107e-12
3.357034051784668627e-12
3.357032967582496141e-12
3.357032100220758153e-12
3.357030799178151170e-12
3.357029064454675193e-12
3.357026679209895725e-12
3.357026896050330222e-12
3.357026028688592234e-12
3.357024944486419749e-12
3.357023426603378269e-12
3.357023426603378269e-12
3.357021475039467795e-12
3.357020390837295309e-12
3.357019740315991818e-12
3.357018872954253830e-12
3.357017788752081344e-12
3.357016487709474362e-12
3.357015403507301876e-12
3.357014752985998385e-12
3.357013885624260396e-12
3.357012367741218917e-12
3.357011717219915425e-12
3.357009115134701460e-12
3.357009982496439449e-12
3.357008898294266963e-12
3.357007814092094478e-12
3.357005212006880512e-12
3.357005428847315009e-12
3.357004344645142524e-12
3.357003260442970038e-12
3.357002393081232050e-12
3.357000658357756073e-12
3.357000224676887079e-12
3.356998273112976605e-12
3.356997622591673114e-12
3.356996538389500628e-12
3.356995671027762640e-12
3.356995237346893646e-12
3.356993719463852166e-12
3.356992852102114178e-12
3.356992635261679681e-12
3.356991551059507195e-12
3.356989382655162224e-12
3.356988515293424236e-12
3.356987431091251750e-12
3.356986997410382756e-12
3.356986563729513762e-12
3.356983961644299796e-12
3.356983744803865299e-12
3.356982010080389323e-12
3.356981793239954825e-12
3.356980925878216837e-12
3.356980492197347843e-12
3.356979407995175357e-12
3.356977456431264883e-12
3.356976589069526895e-12
3.356975721707788907e-12
3.356975071186485415e-12
3.356973553303443936e-12
3.356972469101271450e-12
3.356971601739533462e-12
3.356970951218229970e-12
3.356969867016057485e-12
3.356969216494753994e-12
3.356968349133016005e-12
3.356966397569105531e-12
3.356965747047802040e-12
3.356965747047802040e-12
3.356964446005195057e-12
3.356963361803022572e-12
3.356961843919981092e-12
3.356961410239112098e-12
3.356959458675201624e-12
3.356959024994332630e-12
3.356957507111291150e-12
3.356957073430422156e-12
3.356955555547380676e-12
3.356955772387815173e-12
3.356954254504773694e-12
3.356952953462166711e-12
3.356952736621732214e-12
3.356950351376952746e-12
3.356950134536518249e-12
3.356950351376952746e-12
3.356948182972607775e-12
3.356946881930000792e-12
3.356946231408697301e-12
3.356946014568262804e-12
3.356943846163917833e-12
3.356943629323483336e-12
3.356942545121310850e-12
3.356941894600007359e-12
3.356941027238269371e-12
3.356939726195662388e-12
3.356938858833924400e-12
3.356937991472186411e-12
3.356936690429579428e-12
3.356936039908275937e-12
3.356935172546537949e-12
3.356933654663496469e-12
3.356933220982627475e-12
3.356932570461323984e-12
3.356930618897413510e-12
3.356930402056979013e-12
3.356928884173937533e-12
3.356928233652634042e-12
3.356926715769592562e-12
3.356925631567420076e-12
3.356926065248289071e-12
3.356924330524813094e-12
3.356924330524813094e-12
3.356923029482206111e-12
3.356922162120468123e-12
3.356920644237426643e-12
3.356918258992647175e-12
3.356918692673516169e-12
3.356917825311778181e-12
3.356916524269171198e-12
3.356915440066998713e-12
3.356914789545695221e-12
3.356914572705260724e-12
3.356913271662653742e-12
3.356912404300915753e-12
3.356910452737005279e-12
3.356910019056136285e-12
3.356910019056136285e-12
3.356908718013529302e-12
3.356907850651791314e-12
3.356905465407011846e-12
3.356905248566577349e-12
3.356904814885708355e-12
3.356903297002666875e-12
3.356902863321797881e-12
3.356900911757887407e-12
3.356900261236583916e-12
3.356900044396149418e-12
3.356899393874845927e-12
3.356898092832238945e-12
3.356897875991804447e-12
3.356895707587459476e-12
3.356894623385286991e-12
3.356895490747024979e-12
3.356893322342680008e-12
3.356892671821376517e-12
3.356890937097900540e-12
3.356890503417031546e-12
3.356888551853121072e-12
3.356888551853121072e-12
3.356888118172252078e-12
3.356887250810514089e-12
3.356885949767907107e-12
3.356885949767907107e-12
3.356884215044431130e-12
3.356883998203996633e-12
3.356882480320955153e-12
3.356882480320955153e-12
3.356880745597479176e-12
3.356879010874003200e-12
3.356877709831396217e-12
3.356877276150527223e-12
3.356876408788789234e-12
3.356875758267485743e-12
3.356875324586616749e-12
3.356874674065313258e-12
3.356873373022706275e-12
3.356873156182271778e-12
3.356871638299230298e-12
3.356871421458795801e-12
3.356869686735319824e-12
3.356869903575754321e-12
3.356867952011843848e-12
3.356867735171409350e-12
3.356866000447933374e-12
3.356865349926629882e-12
3.356863832043588403e-12
3.356863398362719408e-12
3.356861880479677929e-12
3.356861880479677929e-12
3.356859712075332958e-12
3.356859495234898461e-12
3.356859061554029466e-12
3.356857326830553490e-12
3.356857326830553490e-12
3.356856242628381004e-12
3.356855592107077513e-12
3.356854291064470530e-12
3.356853857383601536e-12
3.356852556340994553e-12
3.356852122660125559e-12
3.356851038457953074e-12
3.356850604777084079e-12
3.356848870053608103e-12
3.356848436372739108e-12
3.356847352170566623e-12
3.356846267968394137e-12
3.356845834287525143e-12
3.356845183766221652e-12
3.356844316404483664e-12
3.356843015361876681e-12
3.356841714319269698e-12
3.356840630117097213e-12
3.356838895393621236e-12
3.356839545914924727e-12
3.356837811191448750e-12
3.356837811191448750e-12
3.356836293308407271e-12
3.356835642787103779e-12
3.356834775425365791e-12
3.356834341744496797e-12
3.356832823861455317e-12
3.356832607021020820e-12
3.356831522818848335e-12
3.356830004935806855e-12
3.356828703893199872e-12
3.356828703893199872e-12
3.356827402850592890e-12
3.356827836531461884e-12
3.356826318648420404e-12
3.356825668127116913e-12
3.356824367084509930e-12
3.356823499722771942e-12
3.356821981839730462e-12
3.356821114477992474e-12
3.356820030275819988e-12
3.356819379754516497e-12
3.356819162914082000e-12
3.356818729233213006e-12
3.356817428190606023e-12
3.356816560828868035e-12
3.356815259786261052e-12
3.356813958743654069e-12
3.356814392424523064e-12
3.356813091381916081e-12
3.356812657701047087e-12
3.356811356658440104e-12
3.356809838775398624e-12
3.356809188254095133e-12
3.356807453530619156e-12
3.356807453530619156e-12
3.356807019849750162e-12
3.356805718807143180e-12
3.356804634604970694e-12
3.356804851445405191e-12
3.356803333562363711e-12
3.356803333562363711e-12
3.356801815679322232e-12
3.356800948317584243e-12
3.356799647274977261e-12
3.356798779913239272e-12
3.356798563072804775e-12
3.356796828349328798e-12
3.356797045189763296e-12
3.356795093625852822e-12
3.356794009423680336e-12
3.356794009423680336e-12
3.356792491540638856e-12
3.356791841019335365e-12
3.356791190498031874e-12
3.356790756817162880e-12
3.356789672614990394e-12
3.356789672614990394e-12
