5.125784315168857574e-03
5.125791765749454498e-03
5.125799216330051422e-03
5.125804804265499115e-03
5.125811323523521423e-03
5.125815980136394501e-03
5.125822033733129501e-03
5.125827621668577194e-03
5.125832743942737579e-03
5.125836003571748734e-03
5.125841125845909119e-03
5.125846248120069504e-03
5.125849507749080658e-03
5.125854164361953735e-03
5.125857889652252197e-03
5.125862546265125275e-03
5.125865340232849121e-03
5.125869065523147583e-03
5.125873256474733353e-03
5.125877447426319122e-03
5.125881638377904892e-03
5.125883966684341431e-03
5.125887691974639893e-03
5.125890485942363739e-03
5.125894211232662201e-03
5.125897936522960663e-03
5.125900264829397202e-03
5.125902593135833740e-03
5.125906784087419510e-03
5.125910043716430664e-03
5.125913769006729126e-03
5.125915165990591049e-03
5.125918425619602203e-03
5.125921685248613358e-03
5.125923547893762589e-03
5.125927273184061050e-03
5.125930532813072205e-03
5.125931464135646820e-03
5.125934723764657974e-03
5.125937983393669128e-03
5.125940311700105667e-03
5.125943571329116821e-03
5.125946830958127975e-03
5.125947296619415283e-03
5.125950556248426437e-03
5.125952884554862976e-03
5.125955678522586823e-03
5.125958472490310669e-03
5.125961266458034515e-03
5.125963594764471054e-03
5.125964526087045670e-03
5.125966854393482208e-03
5.125969648361206055e-03
5.125972442328929901e-03
5.125975236296653748e-03
5.125978030264377594e-03
5.125980824232101440e-03
5.125980824232101440e-03
5.125983618199825287e-03
5.125985480844974518e-03
5.125988274812698364e-03
5.125990137457847595e-03
5.125992931425571442e-03
5.125994794070720673e-03
5.125998053699731827e-03
5.125998519361019135e-03
5.126000382006168365e-03
5.126002710312604904e-03
5.126005969941616058e-03
5.126007832586765289e-03
5.126010160893201828e-03
5.126012489199638367e-03
5.126014817506074905e-03
5.126015283167362213e-03
5.126017145812511444e-03
5.126019939780235291e-03
5.126022268086671829e-03
5.126023665070533752e-03
5.126025993376970291e-03
5.126028321683406830e-03
5.126031115651130676e-03
5.126031115651130676e-03
5.126033443957567215e-03
5.126034840941429138e-03
5.126037634909152985e-03
5.126039963215589523e-03
5.126041825860738754e-03
5.126044619828462601e-03
5.126046948134899139e-03
5.126048345118761063e-03
5.126049276441335678e-03
5.126050673425197601e-03
5.126053001731634140e-03
5.126055330038070679e-03
5.126056727021932602e-03
5.126058589667081833e-03
5.126060917973518372e-03
5.126063246279954910e-03
5.126064643263816833e-03
5.126064643263816833e-03
5.126066971570253372e-03
5.126069299876689911e-03
5.126071162521839142e-03
5.126073490828275681e-03
5.126074887812137604e-03
5.126077216118574142e-03
5.126079544425010681e-03
5.126081407070159912e-03
5.126081407070159912e-03
5.126083735376596451e-03
5.126085132360458374e-03
5.126086995005607605e-03
5.126088857650756836e-03
5.126090720295906067e-03
5.126092117279767990e-03
5.126094445586204529e-03
5.126096308231353760e-03
5.126098636537790298e-03
5.126098170876502991e-03
5.126100033521652222e-03
5.126101896166801453e-03
5.126103758811950684e-03
5.126105621457099915e-03
5.126108415424823761e-03
5.126109346747398376e-03
5.126111675053834915e-03
5.126113072037696838e-03
5.126115866005420685e-03
5.126115400344133377e-03
5.126117262989282608e-03
5.126118659973144531e-03
5.126120522618293762e-03
5.126122850924730301e-03
5.126123316586017609e-03
5.126125644892454147e-03
5.126127507537603378e-03
5.126129835844039917e-03
5.126130767166614532e-03
5.126131698489189148e-03
5.126132629811763763e-03
5.126134492456912994e-03
5.126136355102062225e-03
5.126138217747211456e-03
5.126139149069786072e-03
5.126142408698797226e-03
5.126143805682659149e-03
5.126145668327808380e-03
5.126146599650382996e-03
5.126148462295532227e-03
5.126148927956819534e-03
5.126150790601968765e-03
5.126152187585830688e-03
5.126153584569692612e-03
5.126155912876129150e-03
5.126156844198703766e-03
5.126158706843852997e-03
5.126160569489002228e-03
5.126162897795438766e-03
5.126163829118013382e-03
5.126165691763162613e-03
5.126165226101875305e-03
5.126167088747024536e-03
5.126168485730886459e-03
5.126170814037322998e-03
5.126172211021184921e-03
5.126173608005046844e-03
5.126175470650196075e-03
5.126177333295345306e-03
5.126179195940494537e-03
5.126181058585643768e-03
5.126182455569505692e-03
5.126182455569505692e-03
5.126183852553367615e-03
5.126185715198516846e-03
5.126187577843666077e-03
5.126188509166240692e-03
5.126190837472677231e-03
5.126191768795251846e-03
5.126193165779113770e-03
5.126195028424263000e-03
5.126196891069412231e-03
5.126198753714561462e-03
5.126200150698423386e-03
5.126199685037136078e-03
5.126201547682285309e-03
5.126202479004859924e-03
5.126204341650009155e-03
5.126206204295158386e-03
5.126208066940307617e-03
5.126209929585456848e-03
5.126210860908031464e-03
5.126212723553180695e-03
5.126214586198329926e-03
5.126216448843479156e-03
5.126217845827341080e-03
5.126216914504766464e-03
5.126219242811203003e-03
5.126220174133777618e-03
5.126221571117639542e-03
5.126223899424076080e-03
5.126224830746650696e-03
5.126226227730512619e-03
5.126227624714374542e-03
5.126229487359523773e-03
5.126231350004673004e-03
5.126232746988534927e-03
5.126234143972396851e-03
5.126234143972396851e-03
5.126236006617546082e-03
5.126236937940120697e-03
5.126237869262695312e-03
5.126239731907844543e-03
5.126241594552993774e-03
5.126243457198143005e-03
5.126244388520717621e-03
5.126246716827154160e-03
5.126248579472303391e-03
5.126249510794878006e-03
5.126251373440027237e-03
5.126250907778739929e-03
5.126252304762601852e-03
5.126254167407751083e-03
5.126255564391613007e-03
5.126256961375474930e-03
5.126258358359336853e-03
5.126260221004486084e-03
5.126261152327060699e-03
5.126262549310922623e-03
5.126263946294784546e-03
5.126264877617359161e-03
5.126267671585083008e-03
5.126268602907657623e-03
5.126267671585083008e-03
5.126269534230232239e-03
5.126270465552806854e-03
5.126272793859243393e-03
5.126274190843105316e-03
5.126275587826967239e-03
5.126277450472116470e-03
5.126278847455978394e-03
5.126280710101127625e-03
5.126281641423702240e-03
5.126283038407564163e-03
5.126284901052713394e-03
5.126286298036575317e-03
5.126286298036575317e-03
5.126287695020437241e-03
5.126289092004299164e-03
5.126290023326873779e-03
5.126291885972023010e-03
5.126293282955884933e-03
5.126294679939746857e-03
5.126295611262321472e-03
5.126297008246183395e-03
5.126298405230045319e-03
5.126299336552619934e-03
5.126302130520343781e-03
5.126303061842918396e-03
5.126302596181631088e-03
5.126303993165493011e-03
5.126304924488067627e-03
5.126306787133216858e-03
5.126308649778366089e-03
5.126309581100940704e-03
5.126311443746089935e-03
5.126312840729951859e-03
5.126314237713813782e-03
5.126315169036388397e-03
5.126317963004112244e-03
5.126318894326686859e-03
5.126320291310548782e-03
5.126319825649261475e-03
5.126321222633123398e-03
5.126323085278272629e-03
5.126323550939559937e-03
5.126325413584709167e-03
5.126326810568571091e-03
5.126328207552433014e-03
5.126329138875007629e-03
5.126331001520156860e-03
5.126331932842731476e-03
5.126333795487880707e-03
5.126334726810455322e-03
5.126336589455604553e-03
5.126337986439466476e-03
5.126337055116891861e-03
5.126339383423328400e-03
5.126339383423328400e-03
5.126341711729764938e-03
5.126342643052339554e-03
5.126344040036201477e-03
5.126345902681350708e-03
5.126347299665212631e-03
5.126349162310361862e-03
5.126349627971649170e-03
5.126351956278085709e-03
5.126353353261947632e-03
5.126354284584522247e-03
5.126354284584522247e-03
5.126355215907096863e-03
5.126356612890958786e-03
5.126358009874820709e-03
5.126359406858682632e-03
5.126361269503831863e-03
5.126362200826406479e-03
5.126363597810268402e-03
5.126364529132843018e-03
5.126365460455417633e-03
5.126366857439279556e-03
5.126368720084428787e-03
5.126370117068290710e-03
5.126371979713439941e-03
5.126371048390865326e-03
5.126372445374727249e-03
5.126373842358589172e-03
5.126374773681163788e-03
5.126375705003738403e-03
5.126378033310174942e-03
5.126379430294036865e-03
5.126380827277898788e-03
5.126382224261760712e-03
5.126384086906909943e-03
5.126385018229484558e-03
5.126386880874633789e-03
5.126387812197208405e-03
5.126389674842357635e-03
5.126388743519783020e-03
5.126389674842357635e-03
5.126391537487506866e-03
5.126392468810081482e-03
5.126393865793943405e-03
5.126395262777805328e-03
5.126396194100379944e-03
5.126398056745529175e-03
5.126398988068103790e-03
5.126400385051965714e-03
5.126401316374540329e-03
5.126403179019689560e-03
5.126404576003551483e-03
5.126405507326126099e-03
5.126407369971275330e-03
5.126406438648700714e-03
5.126407835632562637e-03
5.126409232616424561e-03
5.126410163938999176e-03
5.126411560922861099e-03
5.126413423568010330e-03
5.126414820551872253e-03
5.126416217535734177e-03
5.126417148858308792e-03
5.126418545842170715e-03
5.126419942826032639e-03
5.126421339809894562e-03
5.126423202455043793e-03
5.126424133777618408e-03
5.126424133777618408e-03
5.126425065100193024e-03
5.126426462084054947e-03
5.126426927745342255e-03
5.126429256051778793e-03
5.126430653035640717e-03
5.126431584358215332e-03
5.126432515680789948e-03
5.126433447003364563e-03
5.126434843987226486e-03
5.126436240971088409e-03
5.126438103616237640e-03
5.126439034938812256e-03
5.126440431922674179e-03
5.126441828906536102e-03
5.126440897583961487e-03
5.126441828906536102e-03
5.126444157212972641e-03
5.126444622874259949e-03
5.126446485519409180e-03
5.126447416841983795e-03
5.126448813825845718e-03
5.126450210809707642e-03
5.126452073454856873e-03
5.126453004777431488e-03
5.126454401761293411e-03
5.126455798745155334e-03
5.126457661390304565e-03
5.126459058374166489e-03
5.126459524035453796e-03
5.126459058374166489e-03
5.126460455358028412e-03
5.126461852341890335e-03
5.126462318003177643e-03
5.126464180648326874e-03
5.126466043293476105e-03
5.126466974616050720e-03
5.126467440277338028e-03
5.126468837261199951e-03
5.126470699906349182e-03
5.126471631228923798e-03
5.126473493874073029e-03
5.126473959535360336e-03
5.126475356519222260e-03
5.126476287841796875e-03
5.126475356519222260e-03
5.126477219164371490e-03
5.126478616148233414e-03
5.126480013132095337e-03
5.126480944454669952e-03
5.126482807099819183e-03
5.126483738422393799e-03
5.126484669744968414e-03
5.126486532390117645e-03
5.126487463712692261e-03
5.126489326357841492e-03
5.126490723341703415e-03
5.126492120325565338e-03
5.126493051648139954e-03
5.126494448632001877e-03
5.126494448632001877e-03
5.126494914293289185e-03
5.126496311277151108e-03
5.126497708261013031e-03
5.126498639583587646e-03
5.126500502228736877e-03
5.126501433551311493e-03
5.126502364873886108e-03
5.126503296196460724e-03
5.126504693180322647e-03
5.126506090164184570e-03
5.126507021486759186e-03
5.126508884131908417e-03
5.126509815454483032e-03
5.126511678099632263e-03
5.126512609422206879e-03
5.126511678099632263e-03
5.126512609422206879e-03
5.126514472067356110e-03
5.126515403389930725e-03
5.126516334712505341e-03
5.126517731696367264e-03
5.126519128680229187e-03
5.126520525664091110e-03
5.126521922647953033e-03
5.126522853970527649e-03
5.126524250954389572e-03
5.126526113599538803e-03
5.126527044922113419e-03
5.126528441905975342e-03
5.126529373228549957e-03
5.126529373228549957e-03
5.126530304551124573e-03
5.126531235873699188e-03
5.126532167196273804e-03
5.126534029841423035e-03
5.126535426825284958e-03
5.126536358147859573e-03
5.126537755131721497e-03
5.126538686454296112e-03
5.126539617776870728e-03
5.126541014760732651e-03
5.126542411744594574e-03
5.126543343067169189e-03
5.126544740051031113e-03
5.126546137034893036e-03
5.126547534018754959e-03
5.126547068357467651e-03
5.126547999680042267e-03
5.126549396663904190e-03
5.126549396663904190e-03
5.126551259309053421e-03
5.126552656292915344e-03
5.126554518938064575e-03
5.126554984599351883e-03
5.126556381583213806e-03
5.126557312905788422e-03
5.126559175550937653e-03
5.126560106873512268e-03
5.126561969518661499e-03
5.126562900841236115e-03
5.126564297825098038e-03
5.126565229147672653e-03
5.126564763486385345e-03
5.126565694808959961e-03
5.126567557454109192e-03
5.126568488776683807e-03
5.126569420099258423e-03
5.126570817083120346e-03
5.126572214066982269e-03
5.126573145389556885e-03
5.126574076712131500e-03
5.126575008034706116e-03
5.126576405018568039e-03
5.126577802002429962e-03
5.126578733325004578e-03
5.126580130308866501e-03
5.126581527292728424e-03
5.126582458615303040e-03
5.126581992954015732e-03
5.126582924276590347e-03
5.126584786921739578e-03
5.126585718244314194e-03
5.126586649566888809e-03
5.126588046550750732e-03
