1.286135911941528320e-01
1.110320985317230225e-01
1.027289628982543945e-01
9.794352948665618896e-02
9.563436359167098999e-02
9.462696313858032227e-02
9.416970610618591309e-02
9.404586255550384521e-02
9.399782866239547729e-02
9.369125217199325562e-02
9.303043782711029053e-02
9.219823032617568970e-02
9.146831184625625610e-02
9.103113412857055664e-02
9.092891961336135864e-02
9.106063842773437500e-02
9.122124314308166504e-02
9.119048714637756348e-02
9.084727615118026733e-02
9.021826833486557007e-02
8.943571150302886963e-02
8.865414559841156006e-02
8.797981590032577515e-02
8.744057267904281616e-02
8.699564635753631592e-02
8.657144755125045776e-02
8.610646426677703857e-02
8.558545261621475220e-02
8.504509925842285156e-02
8.455097675323486328e-02
8.416194468736648560e-02
8.390104770660400391e-02
8.374495059251785278e-02
8.363387733697891235e-02
8.349848538637161255e-02
