1.013238451474940405e-11
8.508256599260022313e-12
7.730484655188440968e-12
7.190613555974056936e-12
6.806101255502072789e-12
6.497660048898623586e-12
6.211122761945464532e-12
5.945814153529571655e-12
5.708552987954140789e-12
5.489020262622323898e-12
5.279178136308182445e-12
5.083416326767675741e-12
4.906854436659280339e-12
4.747715241781857998e-12
4.601439888840541670e-12
4.465791451913059262e-12
4.340298086213945084e-12
4.223841762462932081e-12
4.115044676539225676e-12
4.013192556051592419e-12
3.917716845380780910e-12
3.827587552462929921e-12
3.741619427483078297e-12
3.659183199500315453e-12
3.580359316315839813e-12
3.505360064715024038e-12
3.434003515573325060e-12
3.365894151938220169e-12
3.300781956788734206e-12
3.238505817682035826e-12
3.178854965715793846e-12
3.121871251093866206e-12
3.068023265995201143e-12
3.017691348541906571e-12
2.970519663580972747e-12
