6.856695766721543350e-12
5.606392086687783660e-12
4.818356651170585536e-12
4.284516318120434875e-12
3.879353435709553821e-12
3.530843152577123334e-12
3.230881924845552255e-12
3.005571919817429105e-12
2.852664285346584450e-12
2.714954563248772601e-12
2.590019995349357451e-12
2.457298253766282414e-12
2.340625523261641305e-12
2.256266571146192668e-12
2.201692387432396814e-12
2.136574337591179429e-12
2.064282338815059958e-12
1.993859504584305498e-12
1.929876180736811442e-12
1.876360178343361440e-12
1.838918774199616024e-12
1.795998029116563366e-12
1.759879134782815768e-12
1.721512472505071223e-12
1.689172348003087354e-12
1.663473178648011697e-12
1.650094232259757820e-12
1.636802780986823525e-12
1.622885853480582341e-12
1.603432339160326681e-12
1.582351437379170278e-12
1.561124927246249072e-12
1.545035583846998684e-12
1.529400087477150727e-12
1.512337347367442852e-12
