3.337587367938099625e-12
2.699583612209011108e-12
2.351166787303848871e-12
2.142421656747828251e-12
1.994169586405636352e-12
1.873542553737506111e-12
1.770043746990301869e-12
1.678680089899076133e-12
1.595772233971282095e-12
1.521439983546979402e-12
1.454049012271363406e-12
1.390934893305550979e-12
1.332203444781576707e-12
1.284934073204901939e-12
1.254723104929245103e-12
1.231870074697161144e-12
1.204691619897946264e-12
1.199424240483359938e-12
1.205602674983485834e-12
1.182094786639220629e-12
1.186443629973277236e-12
1.183940315577225455e-12
1.198648385408729311e-12
1.173433095483233934e-12
1.146012213078251296e-12
1.122974760056627552e-12
1.106686248718291576e-12
1.094026562051264584e-12
1.085257534880201824e-12
1.080298068882601381e-12
1.076585543803576517e-12
1.073747861457530206e-12
1.071487083087463432e-12
1.068933786971260069e-12
1.067217711772650013e-12
