6.883640792793022101e-12
6.683231659060373531e-12
6.200158442215553123e-12
5.450767007891821336e-12
4.792918232437992643e-12
4.567946715328119467e-12
2.812922854714128285e-12
3.302753470019181847e-12
2.474300712235200095e-12
2.886526954959389712e-12
2.565008752272723846e-12
2.280193395209906271e-12
2.074451721512104996e-12
1.883930945273393220e-12
1.863720983097394424e-12
1.729500332010858177e-12
1.696651066168675115e-12
1.694133331883729277e-12
1.671412574316688548e-12
1.635284897945343818e-12
1.652654033588996096e-12
1.629989979795576360e-12
1.600594656814280370e-12
1.600921543769284749e-12
1.579257991740634637e-12
1.555111941997644465e-12
1.540812616385167644e-12
1.564339153006799599e-12
1.573021118743411773e-12
1.515572172969270603e-12
1.571080071594010974e-12
1.575694436040109281e-12
1.570008988267812544e-12
1.550607840912487934e-12
1.506462055794743904e-12
