7.064059406869382940e-12
6.837895701050644703e-12
6.447810167731216069e-12
5.895198391947520378e-12
5.007161352210687255e-12
4.690400845497322280e-12
3.898378148070591465e-12
3.486624617493605527e-12
3.186607228089499699e-12
2.952502825559477628e-12
2.409211502171770825e-12
2.148454591316406592e-12
2.062392791268852221e-12
2.026122325471391150e-12
1.900060837833894567e-12
1.798982837697415960e-12
1.735298319968658909e-12
1.712698884624719309e-12
1.655271514473810601e-12
1.610322552386689310e-12
1.600160325423982677e-12
1.529661597041154231e-12
1.562621776765582560e-12
1.519532438244708406e-12
1.511227124342817696e-12
1.473941086370389453e-12
1.474574477279555484e-12
1.441727379841717394e-12
1.453663686819262058e-12
1.429908383539235661e-12
1.410595164980099625e-12
1.394316845142185013e-12
1.367857107963110774e-12
1.353364685943714285e-12
1.339945081973992203e-12
