8.649456151310630503e-12
8.355130823312073574e-12
7.937562933324482373e-12
7.406061874881686435e-12
6.913468495600705310e-12
6.370967989277609433e-12
6.187478914648769646e-12
6.037939245806533961e-12
5.310467343644376115e-12
5.122360868803355061e-12
5.019081504575861885e-12
4.582963349097912698e-12
4.355797406790928861e-12
4.144023665886287233e-12
4.000355602329364046e-12
3.925639761176435982e-12
3.664820183435502088e-12
3.548416985590940875e-12
3.416946413314914111e-12
3.220836358036605063e-12
3.124456856434809637e-12
3.011712840922387002e-12
2.907900266066465456e-12
2.759176134098373367e-12
2.714884306947995540e-12
2.630367278155798516e-12
2.478569649869144520e-12
2.492634570971929975e-12
2.386176109134274803e-12
2.436858657570151188e-12
2.302426044958894025e-12
2.248359051021386890e-12
2.225586902271370349e-12
2.117671489554329156e-12
2.077297535374444948e-12
