3.456323552017415146e-12
3.314193537662379896e-12
2.716227199758836086e-12
1.884689886794133074e-12
2.334985069879502717e-12
1.887934903896382188e-12
1.566531192959130792e-12
1.619895190207998326e-12
1.573019926121022039e-12
1.505483021232989493e-12
1.463487751124370462e-12
1.474916543064974661e-12
1.442662395795268893e-12
1.440267284776031165e-12
1.429775243512454441e-12
1.405626483264033055e-12
1.386570654300645078e-12
1.370053159463480164e-12
1.346488567345593967e-12
1.319212317510420895e-12
1.298638063404466969e-12
1.269709814719077734e-12
1.256388981567269081e-12
1.240472568414530130e-12
1.235581298733579025e-12
1.211911647425178984e-12
1.200078773334889437e-12
1.192491743372270374e-12
1.183357448489297248e-12
1.178314607344632670e-12
1.165157813981521073e-12
1.178441458998813474e-12
1.157441330279507241e-12
1.230302535196181601e-12
1.187125051038684376e-12
