1.286135911941528320e-01
1.261289119720458984e-01
1.239603012800216675e-01
1.220490112900733948e-01
1.203512698411941528e-01
1.188312470912933350e-01
1.174606159329414368e-01
1.162169352173805237e-01
1.150823310017585754e-01
1.140425130724906921e-01
1.130860149860382080e-01
1.122036129236221313e-01
1.113877296447753906e-01
1.106319054961204529e-01
1.099305227398872375e-01
1.092785671353340149e-01
1.086715385317802429e-01
1.081053316593170166e-01
1.075761690735816956e-01
1.070806160569190979e-01
1.066155135631561279e-01
1.061779707670211792e-01
1.057653874158859253e-01
1.053753867745399475e-01
1.050058603286743164e-01
1.046549081802368164e-01
1.043208092451095581e-01
1.040020883083343506e-01
1.036974340677261353e-01
1.034057140350341797e-01
1.031259223818778992e-01
1.028572618961334229e-01
1.025990173220634460e-01
1.023506373167037964e-01
1.021116599440574646e-01
