1.013238451474940405e-11
9.756012837869310061e-12
9.451747544353406028e-12
9.201915271428440235e-12
8.992630425030956332e-12
8.813820333297694987e-12
8.658454161980522201e-12
8.521620041557209646e-12
8.399799952818476356e-12
8.290366657059955457e-12
8.191275782665208283e-12
8.100873270799890946e-12
8.017780883662339875e-12
7.940835489161912619e-12
7.869050029640778376e-12
7.801596174639158221e-12
7.737789575745779302e-12
7.677076856171805019e-12
7.619017396154337263e-12
7.563266853083394636e-12
7.509558946905414700e-12
7.457683776079804261e-12
7.407486082855463394e-12
7.358835762971693839e-12
7.311631335105150953e-12
7.265787797805511872e-12
7.221228823239833616e-12
7.177884155107339126e-12
7.135690476001155247e-12
7.094586636918753797e-12
7.054514090942820559e-12
7.015414724836910310e-12
6.977237364258481733e-12
6.939929967503255526e-12
6.903451768569546232e-12
