5.126451142132282257e-03
5.127698183059692383e-03
5.125640891492366791e-03
5.126227624714374542e-03
5.126897711306810379e-03
5.127331707626581192e-03
5.127373617142438889e-03
5.128360353410243988e-03
5.128281190991401672e-03
5.127554293721914291e-03
5.127448588609695435e-03
5.129397381097078323e-03
5.129349417984485626e-03
5.131850950419902802e-03
5.128924734890460968e-03
5.128163844347000122e-03
5.132306832820177078e-03
5.129573866724967957e-03
5.139692220836877823e-03
5.133468192070722580e-03
5.135344341397285461e-03
5.132653284817934036e-03
5.134233739227056503e-03
5.139226559549570084e-03
5.140020977705717087e-03
5.130911245942115784e-03
5.137084983289241791e-03
5.139573011547327042e-03
5.139882210642099380e-03
5.135638639330863953e-03
5.141154397279024124e-03
5.140099674463272095e-03
5.142038222402334213e-03
5.140549503266811371e-03
5.145262926816940308e-03
