3.357430219258494830e-12
3.356455521505430362e-12
3.359759085524993694e-12
3.357379478596822509e-12
3.356455304664995865e-12
3.356298312190419963e-12
3.356242367358319711e-12
3.356226754847035920e-12
3.355746670125059339e-12
3.355493400497566725e-12
3.355605940683070720e-12
3.354605438918301097e-12
3.355622203715658003e-12
3.355504025678857083e-12
3.354488128243238165e-12
3.356529030412724879e-12
3.354837675023647492e-12
3.353513647330608194e-12
3.351762660822044104e-12
3.359663675733814969e-12
3.353756942298113941e-12
3.356490215974949898e-12
3.353232838967934448e-12
3.352652790805654703e-12
3.352357020453000658e-12
3.353330200323023647e-12
3.348708896983021432e-12
3.349722626014295379e-12
3.353656545176941783e-12
3.351484454544584324e-12
3.349797435964196879e-12
3.347803371328561539e-12
3.348301670647035877e-12
3.350490024311980619e-12
3.349420133608171923e-12
