6.892256730617329907e-12
6.888449446268429810e-12
6.885267963413488346e-12
6.882246508799205742e-12
6.879209007992770353e-12
6.876149823142885253e-12
6.873090638293000154e-12
6.870027116634425113e-12
6.866941910932400361e-12
6.863813337143476190e-12
6.860619277543333894e-12
6.857342818578082699e-12
6.853980057119901659e-12
6.850532294211397755e-12
6.847004734022998917e-12
6.843400412320788107e-12
6.839718895423896328e-12
6.835962351736668552e-12
6.832135118067794721e-12
6.828245434353785726e-12
6.824298938445938489e-12
6.820300400833811949e-12
6.816253724645227052e-12
6.812170185582777648e-12
6.808064095115140546e-12
6.803951499434468531e-12
6.799844975285962434e-12
6.795753629967871134e-12
6.791687871821050493e-12
6.787649435568976486e-12
6.783642224339470062e-12
6.779660166600365301e-12
6.775708466522090134e-12
6.771788858828120539e-12
6.767906981369753439e-12
6.764063267827857828e-12
6.760255549798088737e-12
6.756476454705673262e-12
6.752722513103659452e-12
6.748989388183357363e-12
6.745273610497815042e-12
6.741577782132246455e-12
6.737904071490996571e-12
6.734252478574065393e-12
6.730617799211024987e-12
6.726997431316661391e-12
6.723384869677939690e-12
6.719780114294859885e-12
6.716184466210028958e-12
6.712606165359957799e-12
6.709049114872467356e-12
6.705512013704950647e-12
6.701994861857407670e-12
6.698491154116803514e-12
6.694999155759662202e-12
6.691520167828590715e-12
6.688055491366196037e-12
6.684606427415085150e-12
6.681174710698734032e-12
6.677757305451059722e-12
6.674352910629455238e-12
6.670962393595658568e-12
6.667582284902717760e-12
6.664216921359322754e-12
6.660863700880259586e-12
6.657522189784659261e-12
6.654193255434259768e-12
6.650874729424716136e-12
6.647567479117766354e-12
6.644271938194279414e-12
6.640985504569041353e-12
6.637706877199445188e-12
6.634436056085490918e-12
6.631174775950654521e-12
6.627923036794935996e-12
6.624679971256597355e-12
6.621442109888686645e-12
6.618207717967727888e-12
6.614976795493721085e-12
6.611748908785797241e-12
6.608521889439611385e-12
6.605297905859508489e-12
6.602075657002881570e-12
6.598855576550599622e-12
6.595638098183531639e-12
6.592424522944284604e-12
6.589215284513727511e-12
6.586007347125777400e-12
6.582801144461303267e-12
6.579596242839436115e-12
6.576391341217568964e-12
6.573185572233963825e-12
6.569979803250358685e-12
6.566770131138932598e-12
6.563559591665768522e-12
6.560346016426521487e-12
6.557130272782929481e-12
6.553913228096730492e-12
6.550694882367924521e-12
6.547476536639118549e-12
6.544257323548574590e-12
6.541036809415423647e-12
6.537812392154451757e-12
6.534584505446527913e-12
6.531348378802093180e-12
6.528100109093326608e-12
6.524834925830669263e-12
6.521541119630658301e-12
6.518205680067223895e-12
6.514804754692571365e-12
6.511305383760657151e-12
6.507663765503712838e-12
6.503832628707018060e-12
6.499820646987952699e-12
6.495774404480236797e-12
6.491907705852284494e-12
6.488283868510968944e-12
6.484900290371076181e-12
6.481696256110947019e-12
6.478427169720468726e-12
6.474891803276427993e-12
6.471153474185697974e-12
6.467425119754954821e-12
6.463818195967530045e-12
6.460277191672192387e-12
6.456563148710126043e-12
6.452333459194825593e-12
6.447558632827199432e-12
6.442782939097835282e-12
6.438618301712883962e-12
6.435117196057493771e-12
6.432046301824145829e-12
6.428952856185610187e-12
6.425547594002267715e-12
6.421922021937476188e-12
6.418263490126641102e-12
6.414672612531369111e-12
6.411131174555162460e-12
6.407626165771951321e-12
6.404204423715587069e-12
6.400849468513047924e-12
6.397488008097473866e-12
6.394025933720293153e-12
6.390451535998042942e-12
6.386897521276635459e-12
6.383452794134214514e-12
6.380036689929147187e-12
6.376520839124211193e-12
6.372924323677642278e-12
6.369410641277051255e-12
6.366043976691049266e-12
6.362696827744152017e-12
6.359200492578320763e-12
6.355571451066577282e-12
6.351968430406973454e-12
6.348471227879404211e-12
6.345007418778747521e-12
6.341501976314667388e-12
6.337964441466281684e-12
6.334423437170944027e-12
6.330859014108680682e-12
6.327271605960360645e-12
6.323710652345049255e-12
6.320192633135768290e-12
6.316649026755216667e-12
6.313040368244315914e-12
6.309425638201249242e-12
6.305866419309413828e-12
6.302318909801041258e-12
6.298721960673603348e-12
6.295099858055763775e-12
6.291509847822229773e-12
6.287941087951276486e-12
6.284341103057755618e-12
6.280709893141667166e-12
6.277083887396006645e-12
6.273466121586857014e-12
6.269845320011624423e-12
6.266228855245081775e-12
6.262606752627242201e-12
6.258955159710311023e-12
6.255288821643834041e-12
6.251646769706020734e-12
6.248015559789932283e-12
6.244357461659966191e-12
6.240685052061323290e-12
6.237027821293095187e-12
6.233372325248343060e-12
6.229698180926224182e-12
6.226017531391070392e-12
6.222341652345475538e-12
6.218660135448583759e-12
6.214979052232560974e-12
6.211295366931324224e-12
6.207594334395327706e-12
6.203887664008034264e-12
6.200192269323334671e-12
6.196490369425600164e-12
6.192771989654843878e-12
6.189052308841480610e-12
6.185335230113331306e-12
6.181607309363457148e-12
6.177871148677072100e-12
6.174131518543735098e-12
6.170384515835625194e-12
6.166637079446646297e-12
6.162882704163763492e-12
6.159117486859155832e-12
6.155345330660644265e-12
6.151574041823870687e-12
6.147795380412324207e-12
6.144006310659921866e-12
6.140214205141436565e-12
6.136418630175999311e-12
6.132618718401872115e-12
6.128813602457316989e-12
6.125000680257119967e-12
6.121183421248233003e-12
6.117363560154132074e-12
6.113535892804389249e-12
6.109700419199004529e-12
6.105861909827536849e-12
6.102016027881296267e-12
6.098161905998544796e-12
6.094299110498413441e-12
6.090429809785247173e-12
6.086551401773832026e-12
6.082665621187643978e-12
6.078770299622338058e-12
6.074865437077914265e-12
6.070952768277848577e-12
6.067030992179534010e-12
6.063097940378625594e-12
6.059155781279468300e-12
6.055205815924669110e-12
6.051245008548145066e-12
6.047273359149896166e-12
6.043291301410791405e-12
6.039297534288223801e-12
6.035294226186538324e-12
6.031279208701390004e-12
6.027251180790171858e-12
6.023211443495490869e-12
6.019159563136478042e-12
6.015096407074871365e-12
6.011018939544587880e-12
6.006928895269103563e-12
6.002825840567549420e-12
5.998711076482532434e-12
5.994583301971445621e-12
5.990444685438633954e-12
5.986294793203228437e-12
5.982133625265229071e-12
5.977962916348111833e-12
5.973783100132745716e-12
5.969592441895654744e-12
5.965393110041183888e-12
5.961185538250202143e-12
5.956965823394888560e-12
5.952737434922195092e-12
5.948497337066038781e-12
5.944245529826419627e-12
5.939982446884206624e-12
5.935705919835054800e-12
5.931417249721571139e-12
5.927117303905493628e-12
5.922805648705953274e-12
5.918482284122950077e-12
5.914151113284304984e-12
5.909809100423935035e-12
5.905458847627054197e-12
5.901099053851055487e-12
5.896734489585497840e-12
5.892360384340822321e-12
5.887979773883111889e-12
5.883587887722807608e-12
5.879190797392075396e-12
5.874781130316142352e-12
5.870365825388912384e-12
5.865937076354743596e-12
5.861502689469277882e-12
5.857051389029921395e-12
5.852598787547957926e-12
5.848123200979937764e-12
5.843653685944083520e-12
5.839152512204792700e-12
5.834668252019392654e-12
5.830138455342748216e-12
5.825637281603457396e-12
5.821081464074673306e-12
5.816554703164111828e-12
5.811981972081436965e-12
5.807422251424831927e-12
5.802841714086515168e-12
5.798249901045604560e-12
5.793658955366431940e-12
5.789036350983822743e-12
5.784431093835973314e-12
5.779779432835141506e-12
5.775152057962973373e-12
5.770478712918691855e-12
5.765825750875253064e-12
5.761132890191866807e-12
5.756449570487598422e-12
5.751738495207714408e-12
5.747023516800009446e-12
5.742292058519282705e-12
5.737541518280320219e-12
5.732783171785715837e-12
5.727996202353757837e-12
5.723204028751371908e-12
5.718371089147300523e-12
5.713545955798871034e-12
5.708661841852258334e-12
5.703816759183855112e-12
5.698895348682508910e-12
5.694055903865402612e-12
5.689118447171903625e-12
5.684270328737417444e-12
5.679353255044761184e-12
5.674486922013777246e-12
5.669647043515801954e-12
5.664760327483975288e-12
5.659925653156427927e-12
5.655010747868116638e-12
5.650130970730193880e-12
5.645243821017498220e-12
5.640324145239627995e-12
5.635435694484325353e-12
5.630480023194328609e-12
5.625554709565161460e-12
5.620611181339496554e-12
5.615655510049499810e-12
5.610721089122083782e-12
5.605735493852126439e-12
5.600775485753439753e-12
5.595781216866102525e-12
5.590788682702241275e-12
5.585798316942724995e-12
5.580777159841510127e-12
5.575778554145482957e-12
5.570739616128639327e-12
5.565720627431769429e-12
5.560682990457532782e-12
5.555647955568510099e-12
5.550618124849915347e-12
5.545570079534822838e-12
5.540542850901442051e-12
5.535488734054183624e-12
5.530459770697326860e-12
5.525405220169199438e-12
5.520371486322783738e-12
5.515315634752049334e-12
5.510269324160432802e-12
5.505207401057532479e-12
5.500142008507680202e-12
5.495060136084806146e-12
5.489958314341958356e-12
5.484829604385232926e-12
5.479670103086808908e-12
5.474510601788384889e-12
5.469366279320375668e-12
5.464266192301003855e-12
5.459171309452059973e-12
5.454104182178731719e-12
5.449003227797621918e-12
5.443943906779935560e-12
5.438828640930148950e-12
5.433797509168947215e-12
5.428653620381806988e-12
5.423576518448491868e-12
5.418371480658823458e-12
5.413228892914290213e-12
5.408109723936682656e-12
5.402917696573084072e-12
5.397747353252935198e-12
5.392508054674616247e-12
5.387333808226646426e-12
5.382216373972514845e-12
5.377030851821951174e-12
5.371866146353099225e-12
5.366666312733858746e-12
5.361446096113775539e-12
5.356216338514574460e-12
5.350902013145919511e-12
5.345625418012867058e-12
5.340405201392783852e-12
5.335195393113556506e-12
5.330038060219477458e-12
5.324872921069756515e-12
5.319736404857389189e-12
5.314633282071934417e-12
5.309503704753470998e-12
5.304400148287147232e-12
5.299294857097347489e-12
5.294177856524084902e-12
5.289072999015154153e-12
5.283941253292345763e-12
5.278816880144310275e-12
5.273697277485833723e-12
5.268560761273466397e-12
5.263439857572382863e-12
5.258312014977395421e-12
5.253193713361525852e-12
5.248100565236057946e-12
5.243010886557541994e-12
5.237941157198999775e-12
5.232864055265684655e-12
5.227776978672382668e-12
5.222690335759949676e-12
5.217587646655363898e-12
5.212490161721206050e-12
5.207389641020965243e-12
5.202286084554641477e-12
5.197190768024828600e-12
5.192084609473290868e-12
5.186987124539133021e-12
5.181891374328451150e-12
5.176804297735149163e-12
5.171733701014868956e-12
5.166666140060671708e-12
5.161611589532544286e-12
5.156562676855713789e-12
5.151518968349311223e-12
5.146486535545502505e-12
5.141458005869514736e-12
5.136444221343072769e-12
5.131436074667927727e-12
5.126437902652769552e-12
5.121446669531515283e-12
5.116458905857212969e-12
5.111478081076814561e-12
5.106497689977285148e-12
5.101526839856873607e-12
5.096560760226021003e-12
5.091600752127334317e-12
5.086651586050372487e-12
5.081708491505576575e-12
5.076776672663374512e-12
5.071850925353338368e-12
5.066936453745896074e-12
5.062029354713226681e-12
5.057128760893592201e-12
5.052234672286992634e-12
5.047343619446476026e-12
5.042459071818994332e-12
5.037573656829774649e-12
5.032688241840554966e-12
5.027801525808728300e-12
5.022910472968211693e-12
5.018012047552922184e-12
5.013101045392431843e-12
5.008170527592836763e-12
5.003217458388053984e-12
4.998253113480677357e-12
4.993291370658514694e-12
4.988355648688491684e-12
4.983448115974953296e-12
4.978563568347471602e-12
4.973694633231273698e-12
4.968839142222014615e-12
4.964000564766646306e-12
4.959176298779954806e-12
4.954360272729774195e-12
4.949544680360462579e-12
4.944721715416378061e-12
4.939888342131437682e-12
4.935055402527366297e-12
4.930222896604163907e-12
4.925389089638354534e-12
4.920537068076047404e-12
4.915663362470290565e-12
4.910758431841966143e-12
4.905833551893667988e-12
4.900890457348872076e-12
4.895940423910172257e-12
4.890979982130616577e-12
4.886020407712798885e-12
4.881057363848029240e-12
4.876109498813674392e-12
4.871167705311485463e-12
4.866254101065781157e-12
4.861332690564434955e-12
4.856429494659586510e-12
4.851486400114790598e-12
4.846562821209099425e-12
4.841585032194783977e-12
4.836679234204721567e-12
4.831711853531261980e-12
4.826828606946387268e-12
4.821859057868582710e-12
4.816954560921127282e-12
4.812044859803243924e-12
4.807138194451443525e-12
4.802242804802236975e-12
4.797231622361008974e-12
4.792228246175422868e-12
4.787259998140225292e-12
4.782397568237062302e-12
4.777539475142589254e-12
