1.600852049887180328e-02
1.600865460932254791e-02
1.600858755409717560e-02
1.600823923945426941e-02
1.600763387978076935e-02
1.600686274468898773e-02
1.600602269172668457e-02
1.600517332553863525e-02
1.600432209670543671e-02
1.600346155464649200e-02
1.600258983671665192e-02
1.600169762969017029e-02
1.600078493356704712e-02
1.599982567131519318e-02
1.599877700209617615e-02
1.599758118391036987e-02
1.599617302417755127e-02
1.599450409412384033e-02
1.599254272878170013e-02
1.599027216434478760e-02
1.598770171403884888e-02
1.598484627902507782e-02
1.598174497485160828e-02
1.597845740616321564e-02
1.597506366670131683e-02
1.597167178988456726e-02
1.596839912235736847e-02
1.596535556018352509e-02
1.596262305974960327e-02
1.596024073660373688e-02
1.595820859074592590e-02
1.595650613307952881e-02
1.595509797334671021e-02
1.595393195748329163e-02
1.595294103026390076e-02
1.595204323530197144e-02
1.595115847885608673e-02
1.595021970570087433e-02
1.594918221235275269e-02
1.594800874590873718e-02
1.594667136669158936e-02
1.594514958560466766e-02
1.594344154000282288e-02
1.594155654311180115e-02
1.593953371047973633e-02
1.593740843236446381e-02
1.593521237373352051e-02
1.593295484781265259e-02
1.593063585460186005e-02
1.592824608087539673e-02
1.592579111456871033e-02
1.592329889535903931e-02
1.592080295085906982e-02
1.591834053397178650e-02
1.591593213379383087e-02
1.591358706355094910e-02
1.591131463646888733e-02
1.590911298990249634e-02
1.590697467327117920e-02
1.590488664805889130e-02
1.590281166136264801e-02
1.590072177350521088e-02
1.589860208332538605e-02
1.589645817875862122e-02
1.589431427419185638e-02
1.589220017194747925e-02
1.589013263583183289e-02
1.588811352849006653e-02
1.588614657521247864e-02
1.588422805070877075e-02
1.588236540555953979e-02
1.588054746389389038e-02
1.587876491248607635e-02
1.587700098752975464e-02
1.587524823844432831e-02
1.587349921464920044e-02
1.587175391614437103e-02
1.586999371647834778e-02
1.586820371448993683e-02
1.586638391017913818e-02
1.586454920470714569e-02
1.586272194981575012e-02
1.586091704666614532e-02
1.585914194583892822e-02
1.585739478468894958e-02
1.585567556321620941e-02
1.585397869348526001e-02
1.585228741168975830e-02
1.585058122873306274e-02
1.584885083138942719e-02
1.584709621965885162e-02
1.584532111883163452e-02
1.584352739155292511e-02
1.584171690046787262e-02
1.583990454673767090e-02
1.583810150623321533e-02
1.583631709218025208e-02
1.583455130457878113e-02
1.583280041813850403e-02
1.583105884492397308e-02
1.582931727170944214e-02
1.582756824791431427e-02
1.582580804824829102e-02
1.582403481006622314e-02
1.582225784659385681e-02
1.582047902047634125e-02
1.581869646906852722e-02
1.581691205501556396e-02
1.581512391567230225e-02
1.581334136426448822e-02
1.581156998872756958e-02
1.580982655286788940e-02
1.580812409520149231e-02
1.580647565424442291e-02
1.580487750470638275e-02
1.580330356955528259e-02
1.580168679356575012e-02
1.579992100596427917e-02
1.579794287681579590e-02
1.579583063721656799e-02
1.579375006258487701e-02
1.579181477427482605e-02
1.579001545906066895e-02
1.578826829791069031e-02
1.578646153211593628e-02
1.578457094728946686e-02
1.578267291188240051e-02
1.578086242079734802e-02
1.577908545732498169e-02
1.577716693282127380e-02
1.577489450573921204e-02
1.577219925820827484e-02
1.576936244964599609e-02
1.576685532927513123e-02
1.576491817831993103e-02
1.576340943574905396e-02
1.576191931962966919e-02
1.576006971299648285e-02
1.575774885714054108e-02
1.575514301657676697e-02
1.575256511569023132e-02
1.575022563338279724e-02
1.574816182255744934e-02
1.574627496302127838e-02
1.574441418051719666e-02
1.574248820543289185e-02
1.574049890041351318e-02
1.573855802416801453e-02
1.573673635721206665e-02
1.573494262993335724e-02
1.573296450078487396e-02
1.573065668344497681e-02
1.572809368371963501e-02
1.572549156844615936e-02
1.572302915155887604e-02
1.572073064744472504e-02
1.571848616003990173e-02
1.571615785360336304e-02
1.571366935968399048e-02
1.571102440357208252e-02
1.570829190313816071e-02
1.570557057857513428e-02
1.570291072130203247e-02
1.570030301809310913e-02
1.569771766662597656e-02
1.569514349102973938e-02
1.569259352982044220e-02
1.569005846977233887e-02
1.568752527236938477e-02
1.568502187728881836e-02
1.568258926272392273e-02
1.568023860454559326e-02
1.567794755101203918e-02
1.567567698657512665e-02
1.567338965833187103e-02
1.567104645073413849e-02
1.566864177584648132e-02
1.566619798541069031e-02
1.566375792026519775e-02
1.566134393215179443e-02
1.565898209810256958e-02
1.565667614340782166e-02
1.565439999103546143e-02
1.565212197601795197e-02
1.564982905983924866e-02
1.564753428101539612e-02
1.564524509012699127e-02
1.564298011362552643e-02
1.564075611531734467e-02
1.563857495784759521e-02
1.563641242682933807e-02
1.563424617052078247e-02
1.563206128776073456e-02
1.562986150383949280e-02
1.562767103314399719e-02
1.562550105154514313e-02
1.562336087226867676e-02
1.562123373150825500e-02
1.561911497265100479e-02
1.561699900776147842e-02
1.561488304287195206e-02
1.561277918517589569e-02
1.561069581657648087e-02
1.560863386839628220e-02
1.560659334063529968e-02
1.560456957668066025e-02
1.560256164520978928e-02
1.560057234019041061e-02
1.559860818088054657e-02
1.559666823595762253e-02
1.559474878013134003e-02
1.559284329414367676e-02
1.559094898402690887e-02
1.558906212449073792e-02
1.558719296008348465e-02
1.558534428477287292e-02
1.558351796120405197e-02
1.558170467615127563e-02
1.557989791035652161e-02
1.557809021323919296e-02
1.557627785950899124e-02
1.557445526123046875e-02
1.557261869311332703e-02
1.557077094912528992e-02
1.556891109794378281e-02
1.556704379618167877e-02
1.556516997516155243e-02
1.556328497827053070e-02
1.556138508021831512e-02
1.555946841835975647e-02
1.555753685534000397e-02
1.555559039115905762e-02
1.555363088846206665e-02
1.555166114121675491e-02
1.554967835545539856e-02
1.554767973721027374e-02
1.554566621780395508e-02
1.554363034665584564e-02
1.554157305508852005e-02
1.553948968648910522e-02
1.553737744688987732e-02
1.553523726761341095e-02
1.553306728601455688e-02
1.553086750209331512e-02
1.552863977849483490e-02
1.552638597786426544e-02
1.552410796284675598e-02
1.552180945873260498e-02
1.551949977874755859e-02
1.551717519760131836e-02
1.551484316587448120e-02
1.551250834017992020e-02
1.551016326993703842e-02
1.550781540572643280e-02
1.550546474754810333e-02
1.550311408936977386e-02
1.550076529383659363e-02
1.549841929227113724e-02
1.549607515335083008e-02
1.549372822046279907e-02
1.549138128757476807e-02
1.548903062939643860e-02
1.548667438328266144e-02
1.548432093113660812e-02
1.548196747899055481e-02
1.547961775213479996e-02
1.547727733850479126e-02
1.547494437545537949e-02
1.547262445092201233e-02
1.547032594680786133e-02
1.546804420650005341e-02
1.546579133719205856e-02
1.546355988830327988e-02
1.546135265380144119e-02
1.545915752649307251e-02
1.545697730034589767e-02
1.545479986816644669e-02
1.545262709259986877e-02
1.545045059174299240e-02
1.544828154146671295e-02
1.544610038399696350e-02
1.544394064694643021e-02
1.544175017625093460e-02
1.543960906565189362e-02
1.543741207569837570e-02
1.543529890477657318e-02
1.543308980762958527e-02
1.543101202696561813e-02
1.542880013585090637e-02
1.542673446238040924e-02
1.542454585433006287e-02
1.542245596647262573e-02
1.542032696306705475e-02
1.541819795966148376e-02
1.541612483561038971e-02
1.541396789252758026e-02
1.541193760931491852e-02
1.540976203978061676e-02
1.540774572640657425e-02
1.540555618703365326e-02
1.540351472795009613e-02
1.540131866931915283e-02
1.539921853691339493e-02
1.539701037108898163e-02
1.539482455700635910e-02
1.539258658885955811e-02
1.539030112326145172e-02
1.538800820708274841e-02
1.538561098277568817e-02
1.538326311856508255e-02
1.538074761629104614e-02
1.537837460637092590e-02
1.537574734538793564e-02
1.537344232201576233e-02
1.537074148654937744e-02
1.536863669753074646e-02
1.536597684025764465e-02
1.536404434591531754e-02
1.536168716847896576e-02
1.535964943468570709e-02
1.535773184150457382e-02
1.535548642277717590e-02
1.535371132194995880e-02
1.535144913941621780e-02
1.534948125481605530e-02
1.534745749086141586e-02
1.534525305032730103e-02
1.534343138337135315e-02
1.534123811870813370e-02
1.533938013017177582e-02
1.533742435276508331e-02
1.533540245145559311e-02
1.533363107591867447e-02
1.533153094351291656e-02
1.532973721623420715e-02
1.532773021608591080e-02
1.532579585909843445e-02
1.532394811511039734e-02
1.532191410660743713e-02
1.532015949487686157e-02
1.531816832721233368e-02
1.531642861664295197e-02
1.531458832323551178e-02
1.531282253563404083e-02
1.531113311648368835e-02
1.530933193862438202e-02
1.530772633850574493e-02
1.530592609196901321e-02
1.530436519533395767e-02
1.530262455344200134e-02
1.530110836029052734e-02
1.529948133975267410e-02
1.529803127050399780e-02
1.529654394835233688e-02
1.529516838490962982e-02
1.529380679130554199e-02
1.529249362647533417e-02
1.529123075306415558e-02
1.528996974229812622e-02
1.528878323733806610e-02
1.528753060847520828e-02
1.528637483716011047e-02
1.528508402407169342e-02
1.528397668153047562e-02
1.528264768421649933e-02
1.528169587254524231e-02
1.528035942465066910e-02
1.527971215546131134e-02
1.527841109782457352e-02
1.527798734605312347e-02
1.527687534689903259e-02
1.527614146471023560e-02
1.527534797787666321e-02
1.527405437082052231e-02
1.527309790253639221e-02
1.527160033583641052e-02
1.527019962668418884e-02
1.526894420385360718e-02
1.526738889515399933e-02
1.526621542870998383e-02
1.526497863233089447e-02
1.526382658630609512e-02
1.526306942105293274e-02
1.526224240660667419e-02
1.526172272861003876e-02
1.526137255132198334e-02
1.526102423667907715e-02
1.526099164038896561e-02
1.526094786822795868e-02
1.526096649467945099e-02
1.526107732206583023e-02
1.526100654155015945e-02
1.526097021996974945e-02
1.526083983480930328e-02
1.526058092713356018e-02
1.526035182178020477e-02
1.525991968810558319e-02
1.525936461985111237e-02
1.525857113301753998e-02
1.525731105357408524e-02
1.525560580193996429e-02
1.525328494608402252e-02
1.525054499506950378e-02
1.524781249463558197e-02
1.524547301232814789e-02
1.524395868182182312e-02
1.524323970079421997e-02
1.524312421679496765e-02
1.524334773421287537e-02
1.524343620985746384e-02
1.524324156343936920e-02
1.524262316524982452e-02
1.524165645241737366e-02
1.524059008806943893e-02
1.523953117430210114e-02
1.523872930556535721e-02
1.523822359740734100e-02
1.523802522569894791e-02
1.523809786885976791e-02
1.523823849856853485e-02
1.523834746330976486e-02
1.523827388882637024e-02
1.523798331618309021e-02
1.523751858621835709e-02
1.523692160844802856e-02
1.523633114993572235e-02
1.523580402135848999e-02
1.523541659116744995e-02
1.523516699671745300e-02
1.523499377071857452e-02
1.523484755307435989e-02
1.523463707417249680e-02
1.523434836417436600e-02
1.523396745324134827e-02
1.523352973163127899e-02
1.523309294134378433e-02
1.523269154131412506e-02
1.523238793015480042e-02
1.523217000067234039e-02
1.523204799741506577e-02
1.523198373615741730e-02
1.523195765912532806e-02
1.523196231573820114e-02
1.523199025541543961e-02
1.523206010460853577e-02
1.523217465728521347e-02
1.523235253989696503e-02
1.523259095847606659e-02
1.523288618773221970e-02
1.523322146385908127e-02
1.523357816040515900e-02
1.523395627737045288e-02
1.523435115814208984e-02
1.523478887975215912e-02
1.523527503013610840e-02
1.523584220558404922e-02
1.523648295551538467e-02
1.523717772215604782e-02
1.523788645863533020e-02
1.523860171437263489e-02
1.523935142904520035e-02
1.524016261100769043e-02
1.524106040596961975e-02
1.524204574525356293e-02
1.524316426366567612e-02
1.524447090923786163e-02
1.524604205042123795e-02
1.524788141250610352e-02
1.524998340755701065e-02
1.525225676596164703e-02
1.525465957820415497e-02
1.525708846747875214e-02
1.525950245559215546e-02
1.526177022606134415e-02
1.526384055614471436e-02
1.526556070894002914e-02
1.526695676147937775e-02
1.526796258985996246e-02
1.526879426091909409e-02
1.526947971433401108e-02
1.527037564665079117e-02
1.527137216180562973e-02
1.527284458279609680e-02
1.527433656156063080e-02
1.527634635567665100e-02
1.527796220034360886e-02
1.528008282184600830e-02
1.528127584606409073e-02
1.528322510421276093e-02
1.528443582355976105e-02
1.528655737638473511e-02
1.528867613524198532e-02
1.529092434793710709e-02
1.529381703585386276e-02
1.529626175761222839e-02
1.529951393604278564e-02
1.530255377292633057e-02
1.530506275594234467e-02
1.530743762850761414e-02
1.530924625694751740e-02
