1.045477853595100370e-11
9.363620122326832274e-12
8.518777697141821648e-12
7.837109433639355416e-12
7.271255646201790768e-12
6.792390001147952105e-12
6.381790061682490744e-12
6.026587215379741735e-12
5.717475104471958502e-12
5.447432435690124919e-12
5.210941487338027756e-12
5.003531009656336792e-12
4.821473949256915859e-12
4.661601833710893317e-12
4.521175534649701788e-12
4.397800699995624285e-12
4.289376145938383900e-12
4.194042682592602489e-12
4.110154924741316051e-12
4.036255270983835075e-12
3.971050918649687844e-12
3.913400419691681620e-12
3.862295899770273877e-12
3.816849614146633485e-12
3.776288309831343781e-12
3.739940215158332748e-12
3.707222896720541172e-12
3.677645861455136611e-12
3.650790607323539660e-12
3.626308888587947976e-12
3.603914475874825385e-12
3.583371880472308035e-12
3.564490716478907473e-12
3.547113774579613299e-12
3.531111817875465242e-12
