1.323654800653457642e-01
1.246117651462554932e-01
1.176339983940124512e-01
1.111830323934555054e-01
1.051143482327461243e-01
9.934262931346893311e-02
9.381639957427978516e-02
8.850559592247009277e-02
8.339385688304901123e-02
7.847326248884201050e-02
7.374093681573867798e-02
6.919680535793304443e-02
6.484187394380569458e-02
6.067715585231781006e-02
5.670287832617759705e-02
5.291802808642387390e-02
4.932018741965293884e-02
4.590562358498573303e-02
4.266944155097007751e-02
3.960598632693290710e-02
3.670914471149444580e-02
3.397275134921073914e-02
3.139091655611991882e-02
2.895834296941757202e-02
2.667047083377838135e-02
2.452358789741992950e-02
2.251478470861911774e-02
2.064179815351963043e-02
1.890276186168193817e-02
1.729593984782695770e-02
1.581939123570919037e-02
1.447069644927978516e-02
1.324671506881713867e-02
1.214344147592782974e-02
1.115591824054718018e-02
