1.045477853595100370e-11
1.018458581358849813e-11
9.947096965556845305e-12
9.734744260692096418e-12
9.542452765465281317e-12
9.366603846705512382e-12
9.204482662172885910e-12
9.054004074249277778e-12
8.913519228270772032e-12
8.781716673289530206e-12
8.657529554367826563e-12
8.540083570873768792e-12
8.428651873670922612e-12
8.322617768563578267e-12
8.221463440594156680e-12
8.124740463744117847e-12
8.032062862040056928e-12
7.943095833851110399e-12
7.857551415080266111e-12
7.775165927759175588e-12
7.695715592559437823e-12
7.619000916281315483e-12
7.544836283512879049e-12
7.473067303864766586e-12
7.403551730011947996e-12
7.336152518799821109e-12
7.270756479521578441e-12
7.207254758279102447e-12
7.145552378962083395e-12
7.085557834907163510e-12
7.027191328834447859e-12
6.970377400272731450e-12
6.915046226602106216e-12
6.861133189373092023e-12
6.808579307987505658e-12
