1.323654800653457642e-01
1.305307149887084961e-01
1.288735568523406982e-01
1.273511499166488647e-01
1.259357333183288574e-01
1.246066838502883911e-01
1.233490779995918274e-01
1.221518367528915405e-01
1.210064738988876343e-01
1.199063137173652649e-01
1.188459768891334534e-01
1.178210675716400146e-01
1.168279349803924561e-01
1.158635169267654419e-01
1.149251833558082581e-01
1.140106767416000366e-01
1.131180450320243835e-01
1.122455745935440063e-01
1.113917753100395203e-01
1.105553060770034790e-01
1.097350195050239563e-01
1.089298799633979797e-01
1.081389710307121277e-01
1.073614582419395447e-01
1.065966337919235229e-01
1.058438271284103394e-01
1.051024645566940308e-01
1.043720170855522156e-01
1.036519929766654968e-01
1.029419675469398499e-01
1.022415384650230408e-01
1.015503555536270142e-01
1.008680835366249084e-01
1.001944094896316528e-01
9.952908009290695190e-02
