1.045477853595100370e-11
1.018455805801288250e-11
9.947048393299517954e-12
9.734673137029581369e-12
9.542361692482792535e-12
9.366496293850001820e-12
9.204361231529567533e-12
9.053867031094675610e-12
8.913369174690100039e-12
8.781554476644526375e-12
8.657354347296752906e-12
8.539897955461839274e-12
8.428454115194661256e-12
8.322408734384723061e-12
8.221243130712707625e-12
8.124508010798336954e-12
8.031820000753420175e-12
7.942844298947093762e-12
7.857289471835393613e-12
7.774893576173447229e-12
7.695432832632853604e-12
7.618707748013875403e-12
7.544537911075011039e-12
7.472760257809518691e-12
7.403232540892368263e-12
7.335823788701123505e-12
7.270420376848107935e-12
7.206910415669121051e-12
7.145200230096460103e-12
7.085197446105029329e-12
7.026822266414933793e-12
6.970000965278444482e-12
6.914661117990439365e-12
6.860741141867521264e-12
6.808179020545424009e-12
