1.323654800653457642e-01
1.305298954248428345e-01
1.288725584745407104e-01
1.273500174283981323e-01
1.259345263242721558e-01
1.246053874492645264e-01
1.233476772904396057e-01
1.221503391861915588e-01
1.210048720240592957e-01
1.199046000838279724e-01
1.188441589474678040e-01
1.178191304206848145e-01
1.168258935213088989e-01
1.158613562583923340e-01
1.149229034781455994e-01
1.140082851052284241e-01
1.131155341863632202e-01
1.122429445385932922e-01
1.113890260457992554e-01
1.105524450540542603e-01
1.097320392727851868e-01
1.089267730712890625e-01
1.081357449293136597e-01
1.073581203818321228e-01
1.065931692719459534e-01
1.058402433991432190e-01
1.050987541675567627e-01
1.043681651353836060e-01
1.036480143666267395e-01
1.029378548264503479e-01
1.022372990846633911e-01
1.015459746122360229e-01
1.008635610342025757e-01
1.001897677779197693e-01
9.952428936958312988e-02
