5.125727970153093338e-03
5.125735420733690262e-03
5.125744268298149109e-03
5.125750787556171417e-03
5.125758238136768341e-03
5.125764291733503342e-03
5.125769414007663727e-03
5.125775933265686035e-03
5.125782918184995651e-03
5.125787109136581421e-03
5.125792231410741806e-03
5.125797353684902191e-03
5.125801078975200653e-03
5.125806666910648346e-03
5.125812254846096039e-03
5.125816911458969116e-03
5.125820171087980270e-03
5.125824362039566040e-03
5.125829018652439117e-03
5.125831346958875656e-03
5.125836003571748734e-03
5.125841125845909119e-03
5.125844851136207581e-03
5.125849507749080658e-03
5.125851836055517197e-03
5.125855561345815659e-03
5.125859286636114120e-03
5.125863011926412582e-03
5.125865340232849121e-03
5.125869065523147583e-03
5.125872790813446045e-03
5.125876516103744507e-03
5.125880241394042969e-03
5.125882104039192200e-03
5.125885829329490662e-03
