3.357486814611898573e-12
3.357478791515822181e-12
3.357471635781483776e-12
3.357465130568448863e-12
3.357459709557586436e-12
3.357453421184986020e-12
3.357449084376296078e-12
3.357443012844130159e-12
3.357439109716309211e-12
3.357434772907619269e-12
3.357429351896756842e-12
3.357425448768935894e-12
3.357420895119811455e-12
3.357417425672859501e-12
3.357413305704604056e-12
3.357410053098086600e-12
3.357405933129831155e-12
3.357402030002010207e-12
3.357399211076361745e-12
3.357395741629409791e-12
3.357392922703761329e-12
3.357387501692898901e-12
3.357384899607684936e-12
3.357383381724643456e-12
3.357379044915953514e-12
3.357376876511608543e-12
3.357372973383787595e-12
3.357371455500746116e-12
3.357367769213359665e-12
3.357365167128145700e-12
3.357361264000324752e-12
3.357358878755545284e-12
3.357356493510765816e-12
3.357354975627724336e-12
3.357351072499903388e-12
