1.323654800653457642e-01
1.305296570062637329e-01
1.288722902536392212e-01
1.273496896028518677e-01
1.259341239929199219e-01
1.246049478650093079e-01
1.233472079038619995e-01
1.221498325467109680e-01
1.210043206810951233e-01
1.199040114879608154e-01
1.188435256481170654e-01
1.178184673190116882e-01
1.168251782655715942e-01
1.158606037497520447e-01
1.149221137166023254e-01
1.140074729919433594e-01
1.131146773695945740e-01
1.122420504689216614e-01
1.113880872726440430e-01
1.105514764785766602e-01
1.097310334444046021e-01
1.089257299900054932e-01
1.081346571445465088e-01
1.073569878935813904e-01
1.065919995307922363e-01
1.058390364050865173e-01
1.050975099205970764e-01
1.043668836355209351e-01
1.036466956138610840e-01
1.029364839196205139e-01
1.022358909249305725e-01
1.015445217490196228e-01
1.008620709180831909e-01
1.001882255077362061e-01
9.952270984649658203e-02
