1.045477853595100370e-11
1.018454938439550261e-11
9.947027576617806233e-12
9.734648850900917694e-12
9.542331334821962940e-12
9.366458129933530330e-12
9.204318730804406101e-12
9.053818458837348260e-12
8.913316265624082746e-12
8.781495496046343163e-12
8.657291897251617740e-12
8.539832035969752155e-12
8.428382991532146207e-12
8.322335875998732035e-12
8.221164200794550680e-12
8.124426478794966044e-12
8.031736734026573288e-12
7.942756695411556933e-12
7.857195796767690865e-12
7.774799033744006493e-12
7.695335688118198902e-12
7.618606266690530759e-12
7.544432092942976453e-12
7.472650970230532153e-12
7.403121518589905747e-12
7.335711031675185012e-12
7.270302849332610506e-12
7.206790719749278651e-12
7.145076197367927762e-12
7.085072112333890004e-12
7.026694330558580504e-12
6.969869559975139239e-12
6.914527977963658145e-12
6.860604532393788091e-12
6.808040242667345865e-12
