1.286135911941528320e-01
1.110319942235946655e-01
1.027287542819976807e-01
9.794336557388305664e-02
9.563436359167098999e-02
9.462708234786987305e-02
9.416984021663665771e-02
9.404572099447250366e-02
9.399708360433578491e-02
9.368982911109924316e-02
9.302864223718643188e-02
9.219643473625183105e-02
9.146682918071746826e-02
9.103002399206161499e-02
9.092812240123748779e-02
9.106010198593139648e-02
9.122098237276077271e-02
9.119042754173278809e-02
9.084721654653549194e-02
9.021797031164169312e-02
8.943505585193634033e-02
8.865316212177276611e-02
8.797870576381683350e-02
8.743961155414581299e-02
8.699511736631393433e-02
8.657149970531463623e-02
8.610713481903076172e-02
8.558664470911026001e-02
8.504670113325119019e-02
8.455294370651245117e-02
8.416432887315750122e-02
8.390399068593978882e-02
8.374851942062377930e-02
8.363801985979080200e-02
8.350292593240737915e-02
