1.013238451474940405e-11
8.508234047854834614e-12
7.730453430165873385e-12
7.190601412909725099e-12
6.806112097523797644e-12
6.497683467665549273e-12
6.211162660585411999e-12
5.945874001489492855e-12
5.708614136956668972e-12
5.489067967517913260e-12
5.279209361330750028e-12
5.083442347619815394e-12
4.906883059596633956e-12
4.747745599442687592e-12
4.601466343373550316e-12
4.465816605403460926e-12
4.340334515406940596e-12
4.223895105209818368e-12
4.115105825541753859e-12
4.013252404011513619e-12
3.917768453404191220e-12
3.827632655273305318e-12
3.741662361889108723e-12
3.659227868629821856e-12
3.580410273817946631e-12
3.505421213717552220e-12
3.434075723438012595e-12
3.365973732377680605e-12
3.300864789834712099e-12
3.238586048642799753e-12
3.178928474623088363e-12
3.121931966415525395e-12
3.068072488773831985e-12
3.017729729298812558e-12
2.970551539124843821e-12
