1.045477853595100370e-11
9.675227632954808143e-12
9.040569508289575396e-12
8.509470905693206078e-12
8.054902231324767570e-12
7.659040068830336168e-12
7.309798599752781456e-12
6.998710205124991646e-12
6.719641336416781741e-12
6.467994542735944208e-12
6.240199329488049784e-12
6.033406847044675558e-12
5.845272182947169881e-12
5.673822522922478129e-12
5.517373884156295816e-12
5.374459124268815557e-12
5.243788042674779604e-12
5.124218323965257227e-12
5.014724746565946134e-12
4.914387473353709623e-12
4.822376439145292792e-12
4.737940508675597684e-12
4.660397068256827424e-12
4.589128556331534270e-12
4.523570754089156765e-12
4.463213652827757727e-12
4.407589744570561407e-12
4.356277491512905442e-12
4.308892218723991974e-12
4.265082211019066705e-12
4.224533483448977833e-12
4.186954602469761255e-12
4.152084925879151456e-12
4.119685929199201624e-12
4.089542073038021641e-12
