1.323654800653457642e-01
1.268907487392425537e-01
1.220145374536514282e-01
1.175350919365882874e-01
1.133464574813842773e-01
1.093849688768386841e-01
1.056081801652908325e-01
1.019872128963470459e-01
9.850252419710159302e-02
9.514097124338150024e-02
9.189368784427642822e-02
8.875465393066406250e-02
8.571976423263549805e-02
8.278612047433853149e-02
7.995165139436721802e-02
7.721473276615142822e-02
7.457397133111953735e-02
7.202806323766708374e-02
6.957561522722244263e-02
6.721509993076324463e-02
6.494479626417160034e-02
6.276278942823410034e-02
6.066698580980300903e-02
5.865505710244178772e-02
5.672453343868255615e-02
5.487279966473579407e-02
5.309712886810302734e-02
5.139471590518951416e-02
4.976271465420722961e-02
4.819824546575546265e-02
4.669845476746559143e-02
4.526050761342048645e-02
4.388163983821868896e-02
4.255912080407142639e-02
4.129033908247947693e-02
