1.013238451474940405e-11
8.508320784028633454e-12
7.730573126085715785e-12
7.190713302573925603e-12
6.806184088548050681e-12
6.497713825326378867e-12
6.211148782797604184e-12
5.945812852486964672e-12
5.708544748017629900e-12
5.489044115070118579e-12
5.279242754757662581e-12
5.083506532388426535e-12
4.906946810684376103e-12
4.747797207466097902e-12
4.601508410417842754e-12
4.465846963064290520e-12
4.340328443874774678e-12
4.223845231909884035e-12
4.115033834517500821e-12
4.013185617157688512e-12
3.917712074891221974e-12
3.827574542036860095e-12
3.741592105588331663e-12
3.659135494604726091e-12
3.580284940046807307e-12
3.505253812902120458e-12
3.433870809227412835e-12
3.365746266761893146e-12
3.300632336888931206e-12
3.238365738761350698e-12
3.178735703476820440e-12
3.121773239217473517e-12
3.067943902396175204e-12
3.017623477485908978e-12
2.970458080897575570e-12
