1.286135911941528320e-01
1.110321059823036194e-01
1.027288064360618591e-01
9.794306010007858276e-02
9.563338756561279297e-02
9.462551772594451904e-02
9.416794031858444214e-02
9.404420107603073120e-02
9.399693459272384644e-02
9.369135648012161255e-02
9.303117543458938599e-02
9.219894558191299438e-02
9.146849811077117920e-02
9.103060513734817505e-02
9.092770516872406006e-02
9.105876088142395020e-02
9.121873974800109863e-02
9.118760377168655396e-02
9.084448218345642090e-02
9.021598845720291138e-02
8.943410217761993408e-02
8.865300565958023071e-02
8.797867596149444580e-02
8.743890374898910522e-02
8.699312061071395874e-02
8.656794577836990356e-02
8.610206842422485352e-02
8.558025956153869629e-02
8.503906428813934326e-02
8.454393595457077026e-02
8.415365964174270630e-02
8.389144390821456909e-02
8.373418450355529785e-02
8.362243324518203735e-02
8.348692208528518677e-02
