1.520473603159189224e-02
1.558372564613819122e-02
1.653361506760120392e-02
1.771682128310203552e-02
1.891805790364742279e-02
2.007094956934452057e-02
2.118597924709320068e-02
2.224874868988990784e-02
2.320567145943641663e-02
2.402445487678050995e-02
2.469586953520774841e-02
2.523438073694705963e-02
2.567611075937747955e-02
2.606597542762756348e-02
2.642266824841499329e-02
2.676624804735183716e-02
2.708770520985126495e-02
2.736201882362365723e-02
2.760246023535728455e-02
2.780412323772907257e-02
2.799204364418983459e-02
2.811695449054241180e-02
2.821543999016284943e-02
2.833527140319347382e-02
2.847306802868843079e-02
2.864584326744079590e-02
2.877736464142799377e-02
2.887494117021560669e-02
2.895863726735115051e-02
2.904698066413402557e-02
2.911795116961002350e-02
2.918643318116664886e-02
2.924742177128791809e-02
2.930880710482597351e-02
2.939229458570480347e-02
