1.797984540462493896e-02
1.795883662998676300e-02
1.751969568431377411e-02
1.676036417484283447e-02
1.455417554825544357e-02
1.383619848638772964e-02
1.483969576656818390e-02
1.412358041852712631e-02
1.499748323112726212e-02
1.675891503691673279e-02
1.760335825383663177e-02
1.756763644516468048e-02
1.718701049685478210e-02
1.795802824199199677e-02
1.877339184284210205e-02
1.910046674311161041e-02
1.991375163197517395e-02
2.032574824988842010e-02
2.012823708355426788e-02
2.061414904892444611e-02
2.214754000306129456e-02
2.285069599747657776e-02
2.378007210791110992e-02
2.403093874454498291e-02
2.395808696746826172e-02
2.436817251145839691e-02
2.545603550970554352e-02
2.436213567852973938e-02
2.482470870018005371e-02
2.594058960676193237e-02
2.612179331481456757e-02
2.479334734380245209e-02
2.496967092156410217e-02
2.551497705280780792e-02
2.516424842178821564e-02
