1.555489841848611832e-02
1.514245849102735519e-02
1.530763879418373108e-02
1.430281158536672592e-02
1.166757009923458099e-02
1.089170761406421661e-02
1.075964421033859253e-02
8.803708478808403015e-03
8.495664224028587341e-03
7.732421159744262695e-03
6.476511713117361069e-03
5.779555533081293106e-03
5.070179700851440430e-03
4.726974293589591980e-03
4.481764975935220718e-03
3.854702692478895187e-03
3.856900148093700409e-03
3.877732902765274048e-03
3.841861849650740623e-03
3.945921082049608231e-03
3.897667862474918365e-03
3.806376364082098007e-03
3.675033804029226303e-03
3.631349885836243629e-03
3.633638843894004822e-03
3.512931521981954575e-03
3.385512158274650574e-03
3.440620144829154015e-03
3.765319474041461945e-03
3.702279413118958473e-03
3.536268137395381927e-03
3.562102094292640686e-03
3.763501532375812531e-03
3.841576632112264633e-03
3.899759380146861076e-03
