5.968032870441675186e-03
5.575243383646011353e-03
3.638371126726269722e-03
1.967496937140822411e-03
2.778218127787113190e-03
2.562364796176552773e-03
1.778503414243459702e-03
1.563546597026288509e-03
1.474187127314507961e-03
1.175616052933037281e-03
1.130162971094250679e-03
1.082911738194525242e-03
9.720828966237604618e-04
1.048219739459455013e-03
1.086213160306215286e-03
1.104024937376379967e-03
1.153980614617466927e-03
1.342756790108978748e-03
1.549866283312439919e-03
1.756693120114505291e-03
2.097258809953927994e-03
2.299835905432701111e-03
2.586063230410218239e-03
2.823864109814167023e-03
3.335200017318129539e-03
3.557476680725812912e-03
3.594157285988330841e-03
3.556177020072937012e-03
3.866929793730378151e-03
4.186079371720552444e-03
4.316313657909631729e-03
4.270007833838462830e-03
4.473411943763494492e-03
5.060100927948951721e-03
5.142793525010347366e-03
