1.239723712205886841e-02
1.223105378448963165e-02
1.211720053106546402e-02
9.204068221151828766e-03
5.841536913067102432e-03
4.986186046153306961e-03
3.621370531618595123e-03
3.360154572874307632e-03
3.677390050143003464e-03
3.021483542397618294e-03
2.694054739549756050e-03
2.465688157826662064e-03
2.174548571929335594e-03
2.256697975099086761e-03
2.219271147623658180e-03
2.174425171688199043e-03
1.808386994525790215e-03
1.568098319694399834e-03
1.645372016355395317e-03
1.651846687309443951e-03
1.730449497699737549e-03
1.720679923892021179e-03
1.640979899093508720e-03
1.579232979565858841e-03
1.630502636544406414e-03
1.660221954807639122e-03
1.787507091648876667e-03
1.974255545064806938e-03
2.150542568415403366e-03
2.177727641537785530e-03
2.205617027357220650e-03
2.307323040440678596e-03
2.298817504197359085e-03
2.225765725597739220e-03
2.239815657958388329e-03
