599
273
390
733
45
184
104
669
744
109
371
322
46
769
548
143
592
538
1
261
493
276
585
106
340
51
799
798
552
553
503
604
638
163
382
364
771
481
115
656
601
442
426
534
759
236
682
139
285
561
96
596
408
386
437
674
689
17
624
132
544
687
195
589
213
157
231
473
488
640
692
288
372
220
117
401
453
40
208
554
501
280
103
735
714
375
358
546
107
673
238
256
302
59
611
444
362
409
543
380
111
528
62
609
48
9
557
221
63
471
174
435
32
671
630
178
381
679
118
248
135
165
594
113
309
50
439
434
370
598
600
76
299
204
387
180
707
537
226
367
99
779
492
605
772
388
675
478
73
190
325
749
338
577
422
708
211
222
407
240
203
271
192
79
740
193
635
179
415
227
571
715
317
754
93
664
25
130
564
323
242
519
320
209
468
739
483
379
433
110
522
536
741
621
454
646
191
188
728
603
469
724
761
576
445
26
116
183
267
411
784
513
452
393
540
312
608
351
688
752
13
166
556
198
80
447
69
182
15
417
250
87
477
774
142
153
498
647
499
290
509
141
580
254
520
622
416
383
706
337
160
627
457
590
172
665
760
389
147
746
486
506
575
154
796
763
289
216
613
265
167
778
597
233
523
663
200
694
620
756
424
22
583
495
702
651
521
684
368
176
581
526
787
533
593
736
246
225
612
730
610
121
617
705
202
54
645
360
114
709
330
19
637
524
783
313
698
300
27
491
140
86
329
685
281
230
173
97
138
641
4
634
766
291
85
36
345
123
185
348
326
504
134
514
745
95
292
586
245
88
16
699
112
658
487
410
269
644
650
670
472
263
494
720
648
436
77
573
333
241
24
550
568
507
549
356
529
413
327
41
359
344
587
428
726
595
201
619
505
228
125
0
232
306
463
738
39
385
122
159
78
2
350
194
742
223
354
239
148
3
251
672
268
20
431
105
781
789
432
34
516
518
683
336
301
475
788
23
584
696
502
287
162
765
43
315
636
74
678
547
217
403
361
722
68
365
151
607
318
82
355
574
253
243
527
279
161
373
780
67
430
252
55
643
164
18
156
331
731
661
247
335
467
770
691
66
52
341
464
579
476
449
144
391
497
427
602
305
657
264
565
131
92
717
72
262
205
38
508
785
249
149
559
693
108
443
37
755
686
47
727
659
470
363
303
35
569
712
146
56
394
614
794
750
89
734
100
700
618
14
374
377
199
124
255
531
366
710
384
128
126
680
786
729
466
402
12
718
633
212
539
563
591
186
215
423
64
701
777
181
229
60
797
762
776
187
642
458
420
298
275
152
791
342
768
582
623
168
334
197
703
566
753
419
352
711
655
84
310
690
136
455
328
525
479
282
297
304
438
461
653
21
429
660
456
462
137
446
545
792
404
695
398
175
737
30
773
615
270
31
465
311
484
219
171
346
11
747
654
542
485
145
490
210
58
392
94
65
258
343
120
155
649
616
793
75
33
91
259
295
775
314
376
294
170
81
349
421
496
6
632
8
572
244
129
206
29
625
541
339
98
395
500
629
53
555
218
332
150
743
626
42
677
758
697
133
530
567
207
347
169
406
532
723
260
558
517
90
234
5
196
562
588
266
399
28
296
319
397
119
272
704
482
667
662
284
795
578
512
49
7
412
10
293
102
732
286
378
448
450
606
551
515
666
369
460
405
283
631
628
782
308
725
400
425
83
127
757
510
321
101
71
316
441
396
676
767
535
257
748
489
44
357
158
480
713
474
570
751
353
790
177
418
274
235
652
681
560
224
440
61
278
716
277
307
324
721
719
639
214
668
70
451
57
237
414
459
764
189
511
