648
383
181
735
786
434
128
465
592
734
460
462
371
379
35
738
495
361
482
754
540
294
297
733
459
635
318
121
111
267
725
163
778
229
326
160
791
643
739
503
388
246
290
306
283
626
16
27
448
95
382
282
206
245
406
208
711
542
389
553
190
446
728
45
538
655
755
329
772
458
381
135
280
745
681
105
793
192
214
80
314
498
321
387
355
255
262
113
360
257
304
79
452
112
620
561
150
183
43
660
330
75
402
580
305
746
52
724
641
243
513
721
549
597
242
73
490
334
404
64
444
188
138
270
770
332
545
695
368
366
37
88
489
479
2
423
296
441
514
236
97
230
109
696
445
94
269
567
663
0
682
799
34
277
133
14
41
639
157
537
222
494
170
707
796
627
84
399
123
380
46
654
177
472
764
165
65
497
276
218
571
443
139
674
286
210
225
140
554
184
662
96
768
162
740
630
339
709
398
780
394
590
159
628
281
56
205
101
664
393
164
350
215
414
795
496
477
623
307
70
564
520
103
182
474
666
539
114
151
62
524
313
656
737
578
548
375
287
359
340
789
132
142
271
550
31
610
680
507
40
61
534
264
453
773
354
149
347
594
668
337
258
253
344
683
703
614
765
260
33
207
317
653
468
124
784
481
577
437
604
541
50
686
346
790
625
583
298
137
533
372
760
509
76
60
611
742
573
689
219
413
526
741
309
237
502
172
750
29
426
143
736
320
484
762
679
98
774
449
603
565
634
447
715
336
212
515
692
451
7
235
633
670
89
608
756
671
602
579
148
467
589
599
488
595
13
186
676
259
543
391
598
120
198
53
193
658
252
698
129
493
521
4
730
292
473
204
11
86
718
464
600
457
566
558
39
66
168
466
486
196
312
659
231
432
180
417
719
714
430
141
601
631
71
240
179
527
392
308
702
357
195
722
353
522
636
691
585
299
327
310
82
618
769
12
607
652
322
749
584
439
250
26
535
574
397
433
1
687
30
352
224
158
38
331
200
213
244
377
106
731
67
412
586
161
90
710
335
323
325
203
506
629
263
9
606
562
693
616
265
110
685
669
145
266
356
118
234
144
178
519
134
3
717
197
396
23
419
311
528
642
233
723
24
435
421
582
640
705
351
454
115
189
673
559
478
251
209
155
476
191
621
727
798
291
667
461
293
690
403
704
783
475
374
19
364
726
650
119
622
518
376
44
699
575
156
501
552
732
713
613
777
411
612
63
167
102
619
25
93
77
384
624
678
315
794
100
59
775
752
483
117
348
18
54
154
767
342
238
523
83
278
712
367
176
761
615
729
716
581
638
657
169
471
302
22
47
166
508
776
596
220
563
272
532
136
455
68
751
122
700
92
469
425
91
429
649
757
593
568
32
431
744
485
576
365
697
470
569
672
116
232
409
525
285
81
706
51
684
146
587
373
395
651
491
792
126
665
85
185
5
362
328
487
107
17
333
108
422
273
