1.286135911941528320e-01
1.207912489771842957e-01
1.151299625635147095e-01
1.108624264597892761e-01
1.075504794716835022e-01
1.049551516771316528e-01
1.029094159603118896e-01
1.012903377413749695e-01
1.000021919608116150e-01
9.897031635046005249e-02
9.814006090164184570e-02
9.747287631034851074e-02
9.694161266088485718e-02
9.652742743492126465e-02
9.621657431125640869e-02
9.599702060222625732e-02
9.585571289062500000e-02
9.577722847461700439e-02
9.574359655380249023e-02
9.573537111282348633e-02
9.573355317115783691e-02
9.572210907936096191e-02
9.569004923105239868e-02
9.563250094652175903e-02
9.555062651634216309e-02
9.545023739337921143e-02
9.533982723951339722e-02
9.522873163223266602e-02
9.512546658515930176e-02
9.503662586212158203e-02
9.496634453535079956e-02
9.491600841283798218e-02
9.488444775342941284e-02
9.486852586269378662e-02
9.486391395330429077e-02
