1.013238451474940405e-11
9.080277328654684510e-12
8.487637676024561983e-12
8.095940584595950895e-12
7.809572433181699580e-12
7.578894109516731703e-12
7.379165854748404030e-12
7.200918680783097159e-12
7.039562509303376459e-12
6.891656516294641932e-12
6.754824997956543342e-12
6.627674971337871312e-12
6.509206368354725214e-12
6.398423891412763354e-12
6.294314028321146282e-12
6.195978626000187006e-12
6.102735070762088654e-12
6.014107614693564585e-12
5.929711582863816943e-12
5.849146687830764080e-12
5.771942385851547286e-12
5.697564815776434699e-12
5.625504836265227127e-12
5.555363027237580908e-12
5.486902598939025211e-12
5.420042019366189123e-12
5.354804273605129339e-12
5.291270459978347773e-12
5.229533819872678180e-12
5.169667645354980579e-12
5.111712702426940425e-12
5.055667690045950735e-12
5.001485336997291142e-12
4.949086279681935707e-12
4.898367302053063810e-12
