1.045477853595100370e-11
9.676223364230018831e-12
9.042324181085525936e-12
8.511836201152700454e-12
8.057788811188792977e-12
7.662384615692019452e-12
7.313550806631319290e-12
7.002826270252615615e-12
6.724080927472675384e-12
6.472714291633208106e-12
6.245160638629343453e-12
6.038566348343099577e-12
5.850587809358431812e-12
5.679257411572713465e-12
5.522894207937723010e-12
5.380033224477998033e-12
5.249390332140446702e-12
5.129823649197007285e-12
5.020314892967281395e-12
4.919945527370739313e-12
4.827889390351947085e-12
4.743396647688413736e-12
4.665790323543639317e-12
4.594450687955831114e-12
4.528817858923117612e-12
4.468380960381823641e-12
4.412677688525601383e-12
4.361283903464574507e-12
4.313818399714897112e-12
4.269929462091814898e-12
4.229301804603569082e-12
4.191646162110540530e-12
4.156701892410463728e-12
4.124231772067998847e-12
4.094018960648648786e-12
