1.323654800653457642e-01
1.269073486328125000e-01
1.220341995358467102e-01
1.175581365823745728e-01
1.133738234639167786e-01
1.094169840216636658e-01
1.056450530886650085e-01
1.020291373133659363e-01
9.854962676763534546e-02
9.519331157207489014e-02
9.195123612880706787e-02
8.881735056638717651e-02
8.578748255968093872e-02
8.285876363515853882e-02
8.002910763025283813e-02
7.729690521955490112e-02
7.466074079275131226e-02
7.211930304765701294e-02
6.967118382453918457e-02
6.731482595205307007e-02
6.504853814840316772e-02
6.287039071321487427e-02
6.077826395630836487e-02
5.876984447240829468e-02
5.684266239404678345e-02
5.499412119388580322e-02
5.322149768471717834e-02
5.152199789881706238e-02
4.989278689026832581e-02
4.833099991083145142e-02
4.683380201458930969e-02
4.539835080504417419e-02
4.402188956737518311e-02
4.270171746611595154e-02
4.143520817160606384e-02
