5.125791300088167191e-03
5.125799216330051422e-03
5.125804804265499115e-03
5.125811789184808731e-03
5.125816911458969116e-03
5.125822965055704117e-03
5.125828552991151810e-03
5.125832278281450272e-03
5.125837866216897964e-03
5.125843454152345657e-03
5.125848576426506042e-03
5.125851836055517197e-03
5.125856492668390274e-03
5.125860217958688736e-03
5.125865340232849121e-03
5.125868134200572968e-03
5.125871859490871429e-03
5.125876516103744507e-03
5.125880241394042969e-03
5.125883035361766815e-03
5.125886294990777969e-03
5.125890485942363739e-03
5.125893745571374893e-03
5.125897470861673355e-03
5.125899799168109894e-03
5.125902593135833740e-03
5.125906784087419510e-03
5.125910043716430664e-03
5.125913769006729126e-03
5.125915165990591049e-03
5.125918425619602203e-03
5.125921685248613358e-03
5.125924013555049896e-03
5.125928204506635666e-03
5.125931464135646820e-03
