3.357434122386315778e-12
3.357426749811542877e-12
3.357420461438942461e-12
3.357414606747211039e-12
3.357410269938521097e-12
3.357405499448962161e-12
3.357400945799837721e-12
3.357396392150713282e-12
3.357392489022892335e-12
3.357387718533333398e-12
3.357384682767250439e-12
3.357380779639429491e-12
3.357377093352043040e-12
3.357373190224222093e-12
3.357370371298573630e-12
3.357367118692056174e-12
3.357363432404669723e-12
3.357360830319455758e-12
3.357357360872503804e-12
3.357354975627724336e-12
3.357351289340337885e-12
3.357348253574254926e-12
3.357346085169909955e-12
3.357342615722958001e-12
3.357340230478178533e-12
3.357336977871661077e-12
3.357334375786447112e-12
3.357332641062971135e-12
3.357329605296888175e-12
3.357327003211674210e-12
3.357324617966894742e-12
3.357322449562549771e-12
3.357319196956032314e-12
3.357318329594294326e-12
3.357315510668645864e-12
