1.323654800653457642e-01
1.318143457174301147e-01
1.313137263059616089e-01
1.308511346578598022e-01
1.304193139076232910e-01
1.300131082534790039e-01
1.296287477016448975e-01
1.292631626129150391e-01
1.289139986038208008e-01
1.285792738199234009e-01
1.282574385404586792e-01
1.279471218585968018e-01
1.276472061872482300e-01
1.273567229509353638e-01
1.270748376846313477e-01
1.268008202314376831e-01
1.265340596437454224e-01
1.262739747762680054e-01
1.260201185941696167e-01
1.257720440626144409e-01
1.255293935537338257e-01
1.252918094396591187e-01
1.250589638948440552e-01
1.248306035995483398e-01
1.246064528822898865e-01
1.243863031268119812e-01
1.241699382662773132e-01
1.239571571350097656e-01
1.237477958202362061e-01
1.235416680574417114e-01
1.233386397361755371e-01
1.231385469436645508e-01
1.229413002729415894e-01
1.227467432618141174e-01
1.225547790527343750e-01
