1.045477853595100370e-11
1.037261596059657620e-11
1.029845046046640178e-11
1.023050047455065226e-11
1.016756817628916565e-11
1.010878533658221556e-11
1.005351097510542857e-11
1.000126023664726915e-11
9.951640206340428563e-12
9.904342970767920917e-12
9.859116127663991591e-12
9.815748040764571414e-12
9.774058298828158797e-12
9.733902052444509678e-12
9.695140523735545912e-12
9.657669629292708890e-12
9.621384418345702016e-12
9.586199889444202427e-12
9.552037980031791164e-12
9.518831903254643123e-12
9.486514004897195207e-12
9.455037447425596042e-12
9.424345852326876383e-12
9.394394984152398820e-12
9.365138872730049968e-12
9.336547160399000234e-12
9.308578213795826173e-12
9.281203409983174168e-12
9.254391523938476638e-12
9.228117402171331918e-12
9.202352421744386390e-12
9.177076633337666323e-12
9.152265750822508039e-12
9.127899824878937807e-12
9.103958906186981892e-12
